# PteroDAQ recording
# 13:15:33, 18 Feb 2015
# Recording every 0.016666666666666666 sec (60.0 Hz)
# Analog reference is Power
# Averaging 32 readings together
# Scale: 0 to 3.3107 volts
# Recording channels:
#   RA-LA : Diff/PTE20-PTE21
# Notes:
#   Kevin Karplus in class
#   gain=1508
#   
0.0000000	-0.113566
0.0166667	-0.144685
0.0333333	-0.114475
0.0500000	-0.127610
0.0666666	-0.156709
0.0833333	-0.148828
0.1000000	-0.163074
0.1166666	-0.164994
0.1333333	-0.162064
0.1500000	-0.155193
0.1666666	-0.172066
0.1833333	-0.175198
0.2000000	-0.157416
0.2166666	-0.185706
0.2333333	-0.172167
0.2500000	-0.172571
0.2666666	-0.175097
0.2833333	-0.181564
0.3000000	-0.200963
0.3166667	-0.190455
0.3333333	-0.170450
0.3500000	-0.182877
0.3666667	-0.175097
0.3833333	-0.189243
0.4000000	-0.181261
0.4166666	-0.174188
0.4333333	-0.178533
0.4500000	-0.201165
0.4666666	-0.176411
0.4833333	-0.164590
0.5000000	-0.078809
0.5166666	-0.046376
0.5333333	-0.106392
0.5500000	-0.119729
0.5666667	-0.203994
0.5833333	-0.218745
0.6000000	-0.220059
0.6166666	-0.232689
0.6333333	-0.221372
0.6500000	0.218543
0.6666666	0.724133
0.6833333	0.008386
0.7000001	-0.129934
0.7166666	-0.199447
0.7333333	-0.218644
0.7500000	-0.209955
0.7666666	-0.194092
0.7833333	-0.193284
0.8000000	-0.172774
0.8166667	-0.170046
0.8333333	-0.147312
0.8500000	-0.116900
0.8666666	-0.093762
0.8833333	-0.034959
0.9000000	0.014852
0.9166666	0.073959
0.9333333	0.127004
0.9500000	0.152768
0.9666666	0.098814
0.9833333	-0.024249
1.0000000	-0.109928
1.0166667	-0.173986
1.0333333	-0.172470
1.0500000	-0.180755
1.0666666	-0.185302
1.0833333	-0.190455
1.1000000	-0.168429
1.1166666	-0.175502
1.1333333	-0.173885
1.1500000	-0.174895
1.1666667	-0.171561
1.1833333	-0.179442
1.2000000	-0.203893
1.2166666	-0.206823
1.2333333	-0.193183
1.2500000	-0.211471
1.2666666	-0.228546
1.2833333	-0.205914
1.3000000	-0.211269
1.3166666	-0.231981
1.3333333	-0.194193
1.3500000	-0.211269
1.3666667	-0.205105
1.3833333	-0.226020
1.4000000	-0.215411
1.4166666	-0.202074
1.4333333	-0.203792
1.4500000	-0.209450
1.4666666	-0.199851
1.4833333	-0.222181
1.5000000	-0.208642
1.5166666	-0.221979
1.5333334	-0.196517
1.5500000	-0.210561
1.5666666	-0.213593
1.5833333	-0.200862
1.6000000	-0.179341
1.6166666	-0.104472
1.6333333	-0.075677
1.6500000	-0.115789
1.6666666	-0.163882
1.6833333	-0.250370
1.7000000	-0.244207
1.7166666	-0.232385
1.7333333	-0.239256
1.7500000	-0.245924
1.7666666	0.190960
1.7833333	0.721102
1.8000000	0.019500
1.8166667	-0.151455
1.8333334	-0.217028
1.8500000	-0.209652
1.8666666	-0.220867
1.8833333	-0.210258
1.9000000	-0.189142
1.9166666	-0.195204
1.9333333	-0.175704
1.9500000	-0.168631
1.9666666	-0.122760
1.9833333	-0.095379
2.0000000	-0.062643
2.0166666	0.002122
2.0333333	0.077394
2.0500000	0.112555
2.0666667	0.144483
2.0833333	0.081133
2.1000000	-0.054964
2.1166667	-0.143978
2.1333333	-0.184393
2.1500000	-0.193789
2.1666666	-0.193486
2.1833333	-0.190152
2.2000000	-0.194699
2.2166666	-0.188333
2.2333333	-0.173178
2.2500000	-0.201973
2.2666666	-0.158628
2.2833333	-0.187020
2.3000000	-0.189243
2.3166666	-0.202579
2.3333334	-0.194092
2.3500000	-0.204701
2.3666666	-0.196517
2.3833333	-0.213795
2.4000000	-0.207126
2.4166666	-0.212279
2.4333333	-0.197528
2.4500000	-0.195406
2.4666666	-0.213289
2.4833333	-0.194395
2.5000000	-0.188131
2.5166667	-0.202681
2.5333333	-0.195810
2.5500000	-0.203590
2.5666666	-0.188737
2.5833333	-0.195709
2.6000000	-0.202377
2.6166667	-0.197123
2.6333333	-0.179442
2.6500000	-0.190556
2.6666666	-0.190354
2.6833333	-0.187626
2.7000000	-0.186919
2.7166666	-0.181867
2.7333333	-0.144584
2.7500000	-0.077293
2.7666667	-0.026775
2.7833333	-0.085882
2.8000000	-0.137714
2.8166666	-0.226020
2.8333333	-0.193789
2.8500000	-0.191465
2.8666667	-0.234608
2.8833333	-0.199851
2.9000000	0.332513
2.9166667	0.617741
2.9333333	-0.054762
2.9500000	-0.129934
2.9666667	-0.184999
2.9833333	-0.182877
3.0000000	-0.162569
3.0166666	-0.157214
3.0333333	-0.157618
3.0500000	-0.152869
3.0666667	-0.143978
3.0833333	-0.094470
3.1000000	-0.088509
3.1166666	-0.055570
3.1333333	-0.012327
3.1500000	0.071837
3.1666666	0.116395
3.1833333	0.171662
3.2000000	0.191263
3.2166667	0.117203
3.2333333	-0.003132
3.2500000	-0.091338
3.2666666	-0.106291
3.2833333	-0.125892
3.3000000	-0.137613
3.3166666	-0.132359
3.3333333	-0.136703
3.3500000	-0.128721
3.3666666	-0.138926
3.3833333	-0.118618
3.4000000	-0.122356
3.4166666	-0.123872
3.4333333	-0.142058
3.4500000	-0.160245
3.4666666	-0.139027
3.4833333	-0.141250
3.5000000	-0.151253
3.5166667	-0.172268
3.5333333	-0.160144
3.5500000	-0.142968
3.5666666	-0.150950
3.5833333	-0.154284
3.6000000	-0.165297
3.6166667	-0.146302
3.6333333	-0.147716
3.6500000	-0.162872
3.6666667	-0.153576
3.6833333	-0.145291
3.7000000	-0.155395
3.7166666	-0.167318
3.7333333	-0.134784
3.7500000	-0.128519
3.7666666	-0.138623
3.7833333	-0.151758
3.8000000	-0.133874
3.8166666	-0.144180
3.8333333	-0.124579
3.8500000	-0.140037
3.8666667	-0.124882
3.8833333	-0.060723
3.9000000	-0.023441
3.9166666	-0.021723
3.9333333	-0.035464
3.9500000	-0.137613
3.9666666	-0.156406
3.9833333	-0.163478
4.0000000	-0.171157
4.0166666	-0.138421
4.0333333	-0.030311
4.0500000	0.685537
4.0666667	0.360096
4.0833333	-0.065270
4.1000000	-0.101340
4.1166667	-0.132561
4.1333333	-0.121548
4.1500000	-0.130338
4.1666667	-0.099724
4.1833333	-0.092550
4.2000000	-0.094268
4.2166667	-0.097198
4.2333333	-0.053247
4.2500000	-0.021824
4.2666666	0.012630
4.2833333	0.058501
4.3000000	0.123063
4.3166666	0.184191
4.3333333	0.222080
4.3500000	0.221473
4.3666667	0.104978
4.3833333	0.010407
4.4000000	-0.044153
4.4166666	-0.084063
4.4333333	-0.098107
4.4500000	-0.111141
4.4666666	-0.092752
4.4833333	-0.096794
4.5000000	-0.082042
4.5166666	-0.093762
4.5333333	-0.088610
4.5500000	-0.071332
4.5666667	-0.100532
4.5833333	-0.093661
4.6000000	-0.093358
4.6166667	-0.111040
4.6333333	-0.108413
4.6500000	-0.110636
4.6666667	-0.098511
4.6833333	-0.100532
4.7000000	-0.122457
4.7166666	-0.104472
4.7333333	-0.108009
4.7500000	-0.107099
4.7666666	-0.101340
4.7833333	-0.123973
4.8000000	-0.111747
4.8166666	-0.110029
4.8333333	-0.111848
4.8500000	-0.094470
4.8666666	-0.102553
4.8833333	-0.107301
4.9000000	-0.110434
4.9166667	-0.098208
4.9333333	-0.111343
4.9500000	-0.097703
4.9666667	-0.089115
4.9833333	-0.105988
5.0000000	-0.083255
5.0166667	-0.084366
5.0333333	-0.057086
5.0500000	0.029099
5.0666666	0.011417
5.0833333	0.009599
5.1000000	-0.088812
5.1166667	-0.111343
5.1333333	-0.122457
5.1500000	-0.139936
5.1666666	-0.140947
5.1833333	-0.003435
5.2000000	0.692105
5.2166666	0.394954
5.2333333	-0.018288
5.2500000	-0.078304
5.2666667	-0.080224
5.2833333	-0.106998
5.3000000	-0.086387
5.3166667	-0.080021
5.3333333	-0.058602
5.3500000	-0.079011
5.3666666	-0.046073
5.3833333	-0.022935
5.4000000	0.004850
5.4166666	0.024653
5.4333333	0.091237
5.4500000	0.140745
5.4666666	0.217028
5.4833334	0.244005
5.5000000	0.258655
5.5166666	0.156911
5.5333333	0.031524
5.5500000	-0.035464
5.5666666	-0.042840
5.5833333	-0.082446
5.6000000	-0.076687
5.6166666	-0.071736
5.6333333	-0.063249
5.6500000	-0.054964
5.6666666	-0.053449
5.6833333	-0.046174
5.7000000	-0.068099
5.7166666	-0.054964
5.7333333	-0.073656
5.7500000	-0.067291
5.7666666	-0.073858
5.7833333	-0.059410
5.8000000	-0.065472
5.8166667	-0.078506
5.8333333	-0.083558
5.8500000	-0.089317
5.8666666	-0.053045
5.8833333	-0.077192
5.9000000	-0.068705
5.9166667	-0.070423
5.9333333	-0.079516
5.9500000	-0.071534
5.9666666	-0.064462
5.9833333	-0.074767
6.0000000	-0.063047
6.0166667	-0.064563
6.0333333	-0.058804
6.0500000	-0.049306
6.0666667	-0.074262
6.0833333	-0.079819
6.1000000	-0.061835
6.1166667	-0.073050
6.1333333	-0.067190
6.1500000	-0.059814
6.1666666	-0.073353
6.1833333	-0.057288
6.2000000	0.008588
6.2166666	0.054863
6.2333333	0.021723
6.2500000	0.017985
6.2666667	-0.086488
6.2833333	-0.069210
6.3000000	-0.106695
6.3166666	-0.106897
6.3333333	-0.058804
6.3500000	0.113162
6.3666666	0.810621
6.3833333	0.302404
6.4000000	0.012124
6.4166666	-0.035868
6.4333333	-0.041122
6.4500000	-0.059107
6.4666666	-0.039000
6.4833333	-0.024249
6.4999998	-0.020612
6.5166666	-0.025866
6.5333333	0.005658
6.5500000	0.007982
6.5666666	0.062441
6.5833333	0.111848
6.6000000	0.160548
6.6166666	0.210764
6.6333333	0.272800
6.6500000	0.332614
6.6666667	0.291795
6.6833333	0.169843
6.7000000	0.103765
6.7166667	0.037687
6.7333333	0.011013
6.7500000	-0.014650
6.7666667	-0.016873
6.7833333	0.040213
6.8000000	-0.018389
6.8166666	0.011114
6.8333333	0.049205
6.8500000	0.039910
6.8666667	0.026775
6.8833333	0.034454
6.9000000	0.026169
6.9166666	0.040314
6.9333333	0.029806
6.9500000	0.005355
6.9666667	0.030008
6.9833333	0.025967
7.0000000	0.010104
7.0166666	0.010710
7.0333333	0.040516
7.0500000	0.028088
7.0666667	0.026371
7.0833333	0.013943
7.1000000	0.033544
7.1166667	0.013741
7.1333333	0.020106
7.1500000	0.022834
7.1666667	0.034050
7.1833333	0.017884
7.2000000	0.012124
7.2166666	0.010003
7.2333333	0.028897
7.2500000	0.033241
7.2666666	0.032433
7.2833333	0.008386
7.3000000	0.060723
7.3166667	0.073959
7.3333333	0.065068
7.3500000	0.116294
7.3666666	0.129328
7.3833333	0.118820
7.4000000	0.099926
7.4166667	0.033443
7.4333333	0.003132
7.4500000	0.017075
7.4666666	0.010811
7.4833333	0.077091
7.5000000	0.342112
7.5166666	0.829515
7.5333333	0.501649
7.5500000	0.155698
7.5666666	0.077495
7.5833333	0.125892
7.6000000	0.108615
7.6166667	0.140644
7.6333333	0.177219
7.6500000	0.099623
7.6666666	0.098511
7.6833333	0.114172
7.7000000	0.120436
7.7166667	0.134379
7.7333333	0.168429
7.7500000	0.230163
7.7666666	0.259059
7.7833333	0.307456
7.8000000	0.364037
7.8166666	0.361208
7.8333333	0.180958
7.8500000	0.072039
7.8666666	-0.022632
7.8833333	0.030816
7.9000000	0.074767
7.9166666	0.029907
7.9333333	0.043648
7.9500000	0.047285
7.9666666	0.052842
7.9833333	0.026472
8.0000000	0.126094
8.0166666	0.082446
8.0333333	0.100330
8.0500000	0.099117
8.0666667	0.137006
8.0833333	0.137309
8.1000000	0.196416
8.1166667	0.199245
8.1333333	0.217937
8.1500000	0.215411
8.1666666	0.228344
8.1833333	0.237943
8.2000000	0.217129
8.2166667	0.263606
8.2333333	0.278660
8.2500000	0.246733
8.2666666	0.266031
8.2833333	0.305839
8.3000000	0.263909
8.3166667	0.305941
8.3333333	0.262090
8.3500000	0.350902
8.3666666	0.308062
8.3833333	0.335544
8.4000000	0.314933
8.4166667	0.391216
8.4333333	0.292098
8.4500000	0.444159
8.4666666	0.387781
8.4833333	0.424659
8.5000000	0.322511
8.5166666	0.359086
8.5333333	0.337767
8.5500000	0.350094
8.5666667	0.360804
8.5833333	0.802841
8.6000000	0.816885
8.6166666	0.491647
8.6333333	0.459820
8.6500000	0.408998
8.6666667	0.408392
8.6833333	0.404048
8.7000000	0.377778
8.7166666	0.421628
8.7333333	0.487302
8.7500000	0.402532
8.7666666	0.501548
8.7833333	0.510137
8.8000000	0.526404
8.8166667	0.609355
8.8333333	0.603394
8.8500000	0.657853
8.8666666	0.700794
8.8833333	0.701703
8.9000000	0.683112
8.9166666	0.542974
8.9333333	0.500538
8.9500000	0.517916
8.9666666	0.443452
8.9833333	0.413141
9.0000000	0.380506
9.0166667	0.473258
9.0333333	0.456284
9.0500000	0.406978
9.0666667	0.468610
9.0833333	0.439613
9.1000000	0.421123
9.1166667	0.443957
9.1333333	0.442038
9.1500000	0.318873
9.1666667	0.443957
9.1833333	0.454061
9.2000000	0.385154
9.2166666	0.405664
9.2333333	0.514178
9.2500000	0.410009
9.2666666	0.364643
9.2833333	0.384952
9.3000000	0.426478
9.3166666	0.457900
9.3333333	0.434763
9.3500000	0.383032
9.3666666	0.398895
9.3833333	0.402128
9.4000000	0.465377
9.4166666	0.401522
9.4333333	0.415970
9.4500000	0.421527
9.4666667	0.483665
9.4833333	0.356964
9.5000000	0.424053
9.5166666	0.485787
9.5333334	0.458507
9.5500000	0.503367
9.5666666	0.422638
9.5833333	0.422436
9.6000000	0.402431
9.6166667	0.397379
9.6333333	0.399905
9.6500000	0.365755
9.6666666	0.519129
9.6833333	0.810621
9.7000000	0.813753
9.7166666	0.384851
9.7333333	0.403846
9.7500000	0.358177
9.7666667	0.412434
9.7833333	0.365957
9.8000000	0.370099
9.8166667	0.311093
9.8333333	0.389397
9.8500000	0.370907
9.8666666	0.387680
9.8833333	0.356459
9.9000000	0.446786
9.9166666	0.535194
9.9333333	0.543782
9.9500000	0.583186
9.9666667	0.624612
9.9833333	0.645526
10.0000000	0.611174
10.0166667	0.445372
10.0333333	0.410514
10.0500000	0.312912
10.0666667	0.375454
10.0833333	0.317863
10.1000000	0.373534
10.1166667	0.297352
10.1333333	0.384244
10.1500000	0.407887
10.1666667	0.310891
10.1833333	0.363734
10.2000000	0.370301
10.2166666	0.307759
10.2333333	0.277650
10.2500000	0.319581
10.2666667	0.380102
10.2833334	0.319479
10.3000000	0.284319
10.3166666	0.308567
10.3333333	0.282399
10.3500000	0.311093
10.3666667	0.372726
10.3833333	0.319682
10.4000000	0.189950
10.4166666	0.155193
10.4333333	0.203489
10.4500000	0.172167
10.4666667	0.178230
10.4833333	0.140240
10.5000000	0.152364
10.5166667	0.129429
10.5333334	0.136602
10.5500000	0.168732
10.5666666	0.114071
10.5833333	0.075677
10.6000000	0.101542
10.6166666	0.093864
10.6333333	0.080021
10.6500000	0.154082
10.6666666	0.147110
10.6833333	0.150040
10.7000000	0.109928
10.7166667	0.077698
10.7333333	-0.061431
10.7500000	0.043143
10.7666666	0.071938
10.7833333	0.083659
10.8000000	0.485686
10.8166666	0.766872
10.8333333	0.105281
10.8500000	0.118618
10.8666666	0.025562
10.8833333	0.056783
10.9000000	0.002627
10.9166667	0.061026
10.9333333	0.076687
10.9500000	0.030816
10.9666667	0.018086
10.9833333	0.029705
11.0000000	0.066685
11.0166666	0.129024
11.0333333	0.139330
11.0500000	0.195103
11.0666667	0.231981
11.0833333	0.188939
11.1000000	0.302000
11.1166666	0.247844
11.1333333	0.178027
11.1500000	0.119931
11.1666666	-0.020308
11.1833333	0.025967
11.2000000	0.049508
11.2166666	-0.027785
11.2333333	0.020005
11.2500000	0.035060
11.2666666	-0.101340
11.2833333	-0.027886
11.3000000	0.022228
11.3166667	0.021723
11.3333333	-0.016772
11.3500000	-0.008588
11.3666666	0.027179
11.3833333	-0.012933
11.4000000	-0.061431
11.4166667	0.000808
11.4333333	-0.030816
11.4500000	-0.010003
11.4666666	0.039607
11.4833333	-0.060723
11.5000000	-0.079920
11.5166667	-0.047083
11.5333333	-0.064361
11.5500000	-0.012630
11.5666666	-0.113667
11.5833333	-0.076384
11.6000000	-0.094066
11.6166666	-0.094874
11.6333333	-0.066685
11.6500000	-0.072646
11.6666666	-0.069413
11.6833333	-0.091742
11.7000000	-0.098208
11.7166666	-0.070221
11.7333333	-0.048498
11.7500000	-0.032231
11.7666667	0.023643
11.7833333	0.022329
11.8000000	-0.030109
11.8166666	-0.044456
11.8333333	-0.089822
11.8500000	-0.069716
11.8666666	-0.121952
11.8833333	-0.110737
11.9000000	-0.127711
11.9166666	0.427690
11.9333333	0.743128
11.9500000	0.086488
11.9666693	-0.034858
11.9833333	-0.169237
12.0000000	-0.065775
12.0166667	-0.071534
12.0333333	-0.059511
12.0500000	-0.112859
12.0666666	-0.012327
12.0833333	-0.084164
12.1000000	-0.046073
12.1166667	-0.027179
12.1333333	0.028695
12.1500000	0.006264
12.1666667	0.079415
12.1833333	0.120436
12.2000000	0.197123
12.2166666	0.208036
12.2333334	0.194901
12.2500000	0.052034
12.2666666	-0.004547
12.2833333	-0.083255
12.3000000	-0.055368
12.3166667	-0.088408
12.3333333	-0.060521
12.3500000	-0.042234
12.3666666	-0.095278
12.3833333	-0.088408
12.4000000	-0.075475
12.4166667	-0.084366
12.4333333	-0.073858
12.4500000	-0.139431
12.4666666	-0.121548
12.4833333	-0.141755
12.5000000	-0.090125
12.5166666	-0.126802
12.5333333	-0.152061
12.5500000	-0.075475
12.5666667	-0.144584
12.5833334	-0.170551
12.6000000	-0.100431
12.6166666	-0.127004
12.6333333	-0.152970
12.6500000	-0.112555
12.6666667	-0.152768
12.6833333	-0.146403
12.7000000	-0.130237
12.7166667	-0.071130
12.7333333	-0.134480
12.7500000	-0.147615
12.7666666	-0.084669
12.7833333	-0.228950
12.8000000	-0.145190
12.8166666	-0.024451
12.8333333	-0.027785
12.8500000	-0.089115
12.8666667	0.080931
12.8833333	-0.020410
12.9000000	-0.081234
12.9166667	-0.013539
12.9333333	-0.141654
12.9500000	-0.017277
12.9666666	-0.163074
12.9833333	0.035868
13.0000000	0.598241
13.0166667	0.293008
13.0333333	-0.038192
13.0500000	-0.010811
13.0666667	-0.112050
13.0833333	-0.077900
13.1000000	-0.021925
13.1166666	-0.037081
13.1333334	-0.155799
13.1500000	-0.066381
13.1666667	-0.041728
13.1833333	-0.016065
13.2000000	0.003940
13.2166666	0.024148
13.2333333	-0.005961
13.2500000	0.091742
13.2666667	0.151960
13.2833333	0.131550
13.3000000	0.190960
13.3166666	0.128519
13.3333333	0.014448
13.3500000	-0.056985
13.3666666	-0.093762
13.3833333	-0.144887
13.4000000	-0.092247
13.4166666	-0.150545
13.4333333	-0.097703
13.4500000	-0.187727
13.4666666	-0.132561
13.4833333	-0.208238
13.5000000	-0.139027
13.5166666	-0.108817
13.5333333	-0.181665
13.5500000	-0.149030
13.5666666	-0.157921
13.5833333	-0.137916
13.6000000	-0.173582
13.6166667	-0.200862
13.6333334	-0.163983
13.6500000	-0.177825
13.6666666	-0.191364
13.6833333	-0.285733
13.7000000	-0.138724
13.7166667	-0.198437
13.7333333	-0.167318
13.7500000	-0.272396
13.7666667	-0.245722
13.7833333	-0.179947
13.8000000	-0.126499
13.8166666	-0.230971
13.8333333	-0.267647
13.8500000	-0.197123
13.8666667	-0.183281
13.8833333	-0.193587
13.9000000	-0.168328
13.9166666	-0.110737
13.9333333	-0.126802
13.9500000	-0.194699
13.9666666	-0.187020
13.9833333	-0.244914
14.0000000	-0.258655
14.0166667	-0.261686
14.0333333	-0.265728
14.0500000	0.108009
14.0666667	0.705239
14.0833333	0.039202
14.1000000	-0.166812
14.1166667	-0.207025
14.1333333	-0.165499
14.1500000	-0.177421
14.1666666	-0.185100
14.1833333	-0.087195
14.2000000	-0.094470
14.2166667	-0.071736
14.2333333	-0.133369
14.2500000	-0.103260
14.2666667	-0.033746
14.2833333	0.037081
14.3000000	0.140947
14.3166667	0.132561
14.3333333	0.186515
14.3500000	0.236023
14.3666667	0.189445
14.3833333	0.083457
14.4000000	0.042739
14.4166667	0.054863
14.4333334	-0.040314
14.4500000	-0.020106
14.4666667	-0.028796
14.4833333	0.001617
14.5000000	-0.002930
14.5166667	-0.009497
14.5333333	-0.017378
14.5500000	-0.056581
14.5666666	0.030816
14.5833333	-0.013640
14.6000000	-0.068503
14.6166666	-0.010104
14.6333333	-0.029099
14.6500000	-0.020106
14.6666666	-0.002829
14.6833333	0.017985
14.7000000	-0.032938
14.7166666	0.020106
14.7333333	-0.007679
14.7500000	-0.021521
14.7666667	-0.034454
14.7833333	-0.046982
14.8000000	-0.001920
14.8166666	-0.011417
14.8333333	0.000404
14.8500000	-0.002728
14.8666667	-0.023542
14.8833333	0.009801
14.9000000	0.000606
14.9166666	-0.030715
14.9333333	-0.055267
14.9500000	0.050215
14.9666667	0.081436
14.9833333	-0.031220
15.0000000	-0.028695
15.0166666	-0.045164
15.0333333	-0.066280
15.0500000	0.007780
15.0666666	0.235922
15.0833333	0.798295
15.1000000	0.365653
15.1166666	0.066482
15.1333333	0.017985
15.1500000	0.025057
15.1666666	-0.031928
15.1833333	0.010104
15.2000000	0.013337
15.2166666	-0.021319
15.2333333	0.012124
15.2500000	0.040718
15.2666666	0.078506
15.2833333	0.142766
15.3000000	0.126499
15.3166667	0.162771
15.3333333	0.199750
15.3500000	0.239559
15.3666666	0.271790
15.3833333	0.232385
15.4000000	0.172369
15.4166667	0.087902
15.4333333	0.007477
15.4500000	-0.025562
15.4666666	0.004547
15.4833333	-0.023946
15.5000000	-0.024350
15.5166666	-0.114778
15.5333333	0.104270
15.5500000	-0.005860
15.5666667	-0.078708
15.5833333	-0.103058
15.6000000	-0.019803
15.6166666	-0.024249
15.6333333	0.163074
15.6500000	-0.173885
15.6666666	-0.071938
15.6833333	-0.061330
15.7000000	0.003637
15.7166667	-0.062845
15.7333333	-0.003940
15.7500000	-0.046578
15.7666666	-0.030109
15.7833333	-0.035060
15.8000000	-0.018591
15.8166666	0.004547
15.8333333	-0.045467
15.8500000	-0.006972
15.8666666	0.208036
15.8833333	-0.109726
15.9000000	-0.066482
15.9166667	-0.070524
15.9333333	-0.068705
15.9500000	0.025967
15.9666666	0.053550
15.9833333	0.078001
16.0000000	0.127206
16.0166666	-0.049912
16.0333333	-0.058804
16.0500000	0.012225
16.0666666	-0.066786
16.0833333	-0.091034
16.1000000	0.206217
16.1166666	0.810621
16.1333333	0.505287
16.1500000	0.061633
16.1666666	0.000606
16.1833333	-0.025057
16.2000000	-0.001516
16.2166666	-0.014549
16.2333333	-0.064866
16.2500000	0.009396
16.2666667	-0.000505
16.2833333	0.023340
16.3000000	0.038596
16.3166667	0.238347
16.3333333	0.185201
16.3500000	0.066685
16.3666667	0.191162
16.3833333	0.238953
16.4000000	0.313013
16.4166666	0.308972
16.4333333	0.198336
16.4500000	0.124175
16.4666666	0.040112
16.4833333	0.096490
16.5000000	0.011013
16.5166666	-0.020612
16.5333333	0.206520
16.5500000	-0.059006
16.5666667	-0.006365
16.5833333	-0.018086
16.6000000	0.123265
16.6166667	0.057187
16.6333333	-0.130843
16.6500000	-0.048195
16.6666667	-0.029099
16.6833333	0.013943
16.7000000	0.181160
16.7166667	-0.130641
16.7333333	0.024249
16.7500000	-0.063451
16.7666666	-0.072545
16.7833333	0.041324
16.8000000	-0.023845
16.8166666	-0.029806
16.8333333	-0.013741
16.8500000	-0.012933
16.8666666	-0.017580
16.8833333	0.004547
16.9000000	0.076586
16.9166666	-0.065876
16.9333333	-0.062138
16.9500000	-0.030311
16.9666667	0.031018
16.9833333	0.009295
17.0000000	0.129631
17.0166666	0.124781
17.0333333	0.149434
17.0500000	-0.049811
17.0666666	0.006871
17.0833333	-0.030109
17.1000000	-0.059814
17.1166666	0.392731
17.1333333	0.810621
17.1500000	0.346052
17.1666666	0.103563
17.1833333	0.021420
17.2000000	-0.035363
17.2166667	-0.018288
17.2333333	-0.013640
17.2500000	0.015863
17.2666667	-0.074970
17.2833333	0.020410
17.3000000	0.021622
17.3166666	0.025663
17.3333333	0.080325
17.3500000	0.162367
17.3666666	0.217634
17.3833333	0.244510
17.4000000	0.261282
17.4166667	0.333928
17.4333358	0.263808
17.4500000	0.191263
17.4666667	0.094268
17.4833333	0.128014
17.5000000	0.119527
17.5166666	-0.035161
17.5333333	0.149939
17.5500000	0.114677
17.5666666	0.108918
17.5833333	0.171864
17.6000000	0.110838
17.6166666	0.138724
17.6333333	0.102553
17.6500000	0.239963
17.6666666	0.176815
17.6833333	-0.077091
17.7000000	-0.008487
17.7166667	0.039404
17.7333333	0.040112
17.7500000	0.060420
17.7666666	-0.023542
17.7833333	0.018591
17.8000000	0.148727
17.8166667	0.103462
17.8333333	-0.103058
17.8500000	-0.145089
17.8666666	-0.036778
17.8833333	-0.050013
17.9000000	-0.025562
17.9166666	0.057389
17.9333333	-0.065775
17.9500000	-0.068099
17.9666667	-0.001111
17.9833334	0.028998
18.0000000	0.092045
18.0166667	0.077293
18.0333333	0.095985
18.0500000	-0.176310
18.0666667	-0.143170
18.0833333	-0.079516
18.1000000	-0.103260
18.1166667	0.569142
18.1333333	0.810621
18.1500000	0.110232
18.1666666	-0.098612
18.1833333	-0.046982
18.2000000	-0.096288
18.2166666	0.011215
18.2333333	-0.161154
18.2500000	-0.149232
18.2666667	0.028998
18.2833333	-0.044658
18.3000000	0.020713
18.3166667	-0.033241
18.3333333	-0.194294
18.3500000	0.085781
18.3666666	0.077799
18.3833334	0.226525
18.4000000	0.193082
18.4166666	0.269062
18.4333333	0.261181
18.4500000	0.124579
18.4666666	0.047791
18.4833333	0.010306
18.5000000	0.045063
18.5166667	-0.197326
18.5333333	-0.102351
18.5500000	-0.041526
18.5666667	0.035868
18.5833333	-0.065876
18.6000000	-0.090731
18.6166666	-0.045467
18.6333333	-0.013842
18.6500000	-0.143675
18.6666666	-0.174087
18.6833333	-0.141553
18.7000000	-0.120739
18.7166666	-0.196921
18.7333333	-0.188434
18.7500000	-0.111242
18.7666666	-0.154082
18.7833333	-0.055065
18.8000000	-0.128216
18.8166667	-0.101845
18.8333333	-0.096187
18.8500000	-0.107402
18.8666666	-0.046679
18.8833333	-0.060319
18.9000000	-0.148929
18.9166666	-0.139330
18.9333333	-0.004446
18.9500000	0.011720
18.9666667	-0.108413
18.9833333	-0.204600
19.0000000	0.059915
19.0166666	-0.012933
19.0333333	-0.010508
19.0500000	-0.121245
19.0666666	-0.138017
19.0833333	-0.159639
19.1000000	-0.135188
19.1166666	0.002021
19.1333333	0.810621
19.1500000	0.438299
19.1666667	-0.019702
19.1833333	-0.090933
19.2000000	-0.113263
19.2166666	0.008992
19.2333333	-0.099522
19.2500000	-0.205206
19.2666667	-0.112757
19.2833333	-0.084366
19.3000000	-0.094268
19.3166666	-0.044962
19.3333334	-0.049407
19.3500000	0.005557
19.3666666	0.125589
19.3833333	0.108009
19.4000000	0.195305
19.4166666	0.288663
19.4333333	0.316246
19.4500000	0.160447
19.4666666	0.069817
19.4833333	-0.057591
19.5000000	0.097905
19.5166666	-0.139835
19.5333333	-0.081840
19.5500000	-0.018793
19.5666667	-0.132056
19.5833333	-0.105887
19.6000000	-0.009497
19.6166666	-0.195406
19.6333333	-0.163478
19.6500000	-0.152667
19.6666667	-0.198134
19.6833334	-0.086488
19.7000000	0.040718
19.7166666	-0.087397
19.7333333	-0.148525
19.7500000	-0.125084
19.7666666	-0.122962
19.7833333	0.010306
19.8000000	-0.024855
19.8166666	-0.120436
19.8333333	-0.132864
19.8500000	-0.078708
19.8666667	-0.079819
19.8833333	-0.152667
19.9000000	-0.097905
19.9166666	0.045972
19.9333333	-0.164084
19.9500000	-0.173683
19.9666667	-0.155698
19.9833333	0.036373
20.0000000	0.047184
20.0166667	0.024047
20.0333333	-0.157921
20.0500000	-0.144584
20.0666667	-0.149737
20.0833333	-0.164286
20.1000000	-0.132763
20.1166666	0.770307
20.1333333	0.713726
20.1500000	0.003334
20.1666666	-0.110939
20.1833333	-0.223393
20.2000000	-0.223090
20.2166666	-0.215512
20.2333333	-0.126600
20.2500000	-0.140037
20.2666666	-0.033746
20.2833333	-0.056278
20.3000000	-0.159032
20.3166667	-0.019197
20.3333333	-0.096288
20.3500000	0.040516
20.3666667	0.071332
20.3833333	0.149636
20.4000000	0.197528
20.4166667	0.162367
20.4333333	0.035666
20.4500000	0.054964
20.4666666	-0.139633
20.4833333	-0.081840
20.5000000	-0.126701
20.5166666	-0.117506
20.5333333	-0.192577
20.5500000	-0.147615
20.5666667	-0.158628
20.5833334	-0.108110
20.6000000	-0.223393
20.6166666	-0.242590
20.6333333	-0.206217
20.6500000	-0.160851
20.6666666	-0.140139
20.6833333	-0.203994
20.7000000	-0.216220
20.7166666	-0.176815
20.7333333	-0.194092
20.7500000	-0.104270
20.7666667	-0.059006
20.7833333	-0.250976
20.8000000	-0.283510
20.8166666	0.058298
20.8333333	-0.166711
20.8500000	-0.071736
20.8666666	-0.010003
20.8833333	-0.075879
20.9000000	-0.009801
20.9166666	-0.072848
20.9333333	0.020410
20.9500000	-0.070120
20.9666666	0.009194
20.9833333	-0.025764
21.0000000	0.064563
21.0166666	-0.085477
21.0333333	0.117102
21.0500000	0.212885
21.0666666	0.064159
21.0833333	0.118820
21.1000000	0.089519
21.1166666	-0.094874
21.1333333	-0.058096
21.1500000	0.016065
21.1666667	0.229051
21.1833333	0.813753
21.2000000	0.422133
21.2166667	-0.072949
21.2333333	-0.065270
21.2500000	-0.111343
21.2666667	-0.060925
21.2833333	0.068806
21.3000000	-0.053752
21.3166666	0.064462
21.3333333	-0.114475
21.3500000	0.157618
21.3666667	-0.010912
21.3833333	0.100330
21.4000000	0.219655
21.4166666	0.137714
21.4333333	0.306547
21.4500000	0.246834
21.4666667	0.368988
21.4833333	0.254209
21.5000000	0.227132
21.5166667	0.151859
21.5333333	-0.008689
21.5500000	0.042234
21.5666667	-0.084669
21.5833333	-0.012023
21.6000000	0.073757
21.6166666	0.009093
21.6333333	0.045265
21.6500000	0.031928
21.6666666	0.123973
21.6833333	0.010508
21.7000000	0.016671
21.7166667	0.079011
21.7333333	-0.037788
21.7500000	-0.011316
21.7666666	0.000606
21.7833333	-0.005860
21.8000000	0.004446
21.8166667	0.008083
21.8333333	-0.044153
21.8500000	-0.005456
21.8666667	0.020814
21.8833333	0.006871
21.9000000	0.029301
21.9166667	0.066482
21.9333333	-0.020612
21.9500000	0.022430
21.9666666	0.002930
21.9833333	0.019298
22.0000000	0.023441
22.0166666	0.022430
22.0333333	0.018692
22.0500000	0.026775
22.0666667	0.150747
22.0833333	0.178836
22.1000000	0.169136
22.1166666	0.094268
22.1333333	-0.010407
22.1500000	-0.007376
22.1666666	-0.038192
22.1833333	0.092752
22.2000000	0.402936
22.2166666	0.813753
22.2333333	0.402936
22.2500000	0.128822
22.2666666	0.032938
22.2833333	0.066381
22.3000000	0.071433
22.3166666	0.021824
22.3333333	0.102048
22.3500000	0.184393
22.3666666	0.100734
22.3833334	0.148323
22.4000000	0.141048
22.4166667	0.278054
22.4333333	0.249259
22.4500000	0.338070
22.4666666	0.349589
22.4833333	0.489828
22.5000000	0.443654
22.5166666	0.471136
22.5333333	0.322410
22.5500000	0.217735
22.5666667	0.166408
22.5833333	0.135390
22.6000000	0.116395
22.6166667	0.176815
22.6333333	0.134683
22.6500000	0.128923
22.6666666	0.130338
22.6833333	0.133975
22.7000000	0.105988
22.7166667	0.133369
22.7333333	0.095076
22.7500000	0.121952
22.7666666	0.110737
22.7833333	0.105584
22.8000000	0.070726
22.8166667	0.083962
22.8333333	0.109625
22.8500000	0.058804
22.8666666	0.092550
22.8833333	0.065270
22.9000024	0.100532
22.9166667	0.097400
22.9333333	0.081133
22.9500000	0.050620
22.9666667	0.089317
22.9833333	0.082345
23.0000000	0.090125
23.0166666	0.098612
23.0333333	0.152869
23.0500000	0.029503
23.0666666	0.094268
23.0833333	0.103361
23.1000000	0.106998
23.1166666	0.123265
23.1333333	0.135390
23.1500000	0.188434
23.1666666	0.295130
23.1833333	0.155294
23.2000000	0.082749
23.2166666	0.051529
23.2333333	0.061026
23.2500000	0.063957
23.2666667	0.017682
23.2833333	0.704229
23.3000000	0.810621
23.3166666	0.190455
23.3333333	0.114273
23.3500000	0.005658
23.3666666	0.027078
23.3833333	0.039708
23.4000000	0.036373
23.4166667	0.063249
23.4333333	0.040617
23.4500000	0.023643
23.4666666	0.096693
23.4833333	0.112757
23.5000000	0.173885
23.5166667	0.234709
23.5333333	0.283914
23.5500000	0.334231
23.5666666	0.387477
23.5833333	0.422638
23.6000000	0.349589
23.6166666	0.186717
23.6333333	0.073454
23.6500000	0.025562
23.6666666	0.030008
23.6833333	0.015358
23.7000000	-0.001617
23.7166666	-0.013236
23.7333333	-0.022329
23.7500000	-0.017075
23.7666666	-0.024855
23.7833334	-0.000101
23.8000000	-0.048700
23.8166666	-0.035969
23.8333333	-0.061431
23.8500000	-0.042436
23.8666667	-0.068806
23.8833333	-0.053247
23.9000000	-0.057490
23.9166666	-0.064563
23.9333334	-0.023138
23.9500000	-0.050317
23.9666666	-0.005557
23.9833333	-0.027280
24.0000000	-0.030412
24.0166666	-0.039202
24.0333333	-0.021723
24.0500000	-0.011215
24.0666666	-0.037788
24.0833333	-0.020915
24.1000000	0.000101
24.1166667	0.010609
24.1333333	0.019601
24.1500000	0.001010
24.1666667	0.022127
24.1833333	0.140139
24.2000000	0.143170
24.2166667	0.109322
24.2333333	0.050013
24.2500000	0.028189
24.2666666	0.032938
24.2833333	0.058602
24.3000000	0.112151
24.3166667	0.648153
24.3333334	0.612386
24.3500000	0.195406
24.3666666	0.091136
24.3833333	0.102048
24.4000000	0.091641
24.4166666	0.085174
24.4333333	0.091843
24.4500000	0.085477
24.4666667	0.101441
24.4833333	0.142361
24.5000000	0.134784
24.5166667	0.120335
24.5333333	0.166812
24.5500000	0.189344
24.5666667	0.270578
24.5833333	0.292907
24.6000000	0.317257
24.6166667	0.328169
24.6333333	0.224707
24.6500000	0.126499
24.6666666	0.062643
24.6833333	0.002526
24.7000000	0.015964
24.7166666	0.006769
24.7333333	0.014448
24.7500000	0.029099
24.7666667	0.030917
24.7833334	0.011417
24.8000000	0.012832
24.8166666	0.036272
24.8333333	0.037485
24.8500000	0.027381
24.8666667	0.038293
24.8833333	0.053146
24.9000000	0.045770
24.9166667	0.033746
24.9333333	0.005052
24.9500000	0.080830
24.9666667	0.003637
24.9833333	-0.060521
25.0000000	0.093257
25.0166666	0.061734
25.0333333	0.173784
25.0500000	0.086589
25.0666666	0.126397
25.0833333	0.125791
25.1000000	0.084568
25.1166666	0.036980
25.1333334	0.102351
25.1500000	0.143170
25.1666666	0.082042
25.1833333	0.082345
25.2000000	0.104371
25.2166667	0.128822
25.2333333	0.223393
25.2500000	0.156709
25.2666667	0.165095
25.2833333	0.077495
25.3000000	0.045366
25.3166666	0.074565
25.3333333	0.042739
25.3500000	0.106089
25.3666667	0.367674
25.3833333	0.810621
25.4000000	0.404654
25.4166666	0.087599
25.4333333	0.133571
25.4500000	0.086286
25.4666666	0.049710
25.4833333	0.152566
25.5000000	0.133672
25.5166667	0.075172
25.5333333	0.095177
25.5500000	0.152061
25.5666667	0.165095
25.5833333	0.195709
25.6000000	0.201670
25.6166666	0.283207
25.6333333	0.323218
25.6500000	0.364744
25.6666667	0.396470
25.6833333	0.362218
25.7000000	0.353933
25.7166667	0.241580
25.7333333	0.208844
25.7500000	0.091034
25.7666666	0.160346
25.7833333	0.146302
25.8000000	0.163175
25.8166666	0.143473
25.8333333	0.127509
25.8500000	0.136501
25.8666666	0.123063
25.8833333	0.118719
25.9000000	0.108009
25.9166667	0.144887
25.9333333	0.148323
25.9500000	0.138623
25.9666666	0.100431
25.9833333	0.166206
26.0000000	0.180857
26.0166666	0.169944
26.0333333	0.105988
26.0500000	0.126701
26.0666666	0.182372
26.0833333	0.170046
26.1000000	0.091136
26.1166667	0.174289
26.1333333	0.102048
26.1500000	0.153576
26.1666667	0.081133
26.1833333	0.206217
26.2000000	0.098612
26.2166666	0.147514
26.2333333	0.106392
26.2500000	0.139128
26.2666666	0.128115
26.2833333	0.108716
26.3000000	0.226222
26.3166667	0.231375
26.3333333	0.169742
26.3500000	0.222888
26.3666667	-0.109423
26.3833334	0.148120
26.4000000	0.075778
26.4166666	0.074464
26.4333333	0.093055
26.4500000	0.696146
26.4666667	0.810621
26.4833333	0.307254
26.5000000	0.084063
26.5166667	0.080729
26.5333333	0.068604
26.5500000	0.049811
26.5666667	0.051832
26.5833333	0.043345
26.6000000	0.069514
26.6166667	0.074161
26.6333333	0.098511
26.6500000	0.130439
26.6666667	0.148727
26.6833333	0.159639
26.7000000	0.237538
26.7166666	0.292199
26.7333333	0.406068
26.7500000	0.334938
26.7666666	0.229961
26.7833333	0.108918
26.8000000	0.097703
26.8166666	0.036980
26.8333333	-0.011922
26.8500000	0.073151
26.8666667	-0.002829
26.8833333	0.004345
26.9000000	0.004648
26.9166666	-0.013741
26.9333333	0.055065
26.9500000	-0.078001
26.9666666	0.084164
26.9833333	0.036070
27.0000000	-0.094470
27.0166667	0.001617
27.0333333	0.004244
27.0500000	-0.027987
27.0666666	0.021016
27.0833333	0.030816
27.1000000	0.026573
27.1166667	-0.012529
27.1333333	-0.043345
27.1500000	-0.021319
27.1666666	-0.009497
27.1833333	0.005153
27.2000000	0.004041
27.2166666	-0.013842
27.2333333	-0.065977
27.2500000	-0.002728
27.2666666	-0.004345
27.2833333	-0.010609
27.3000000	-0.021420
27.3166666	-0.057591
27.3333333	0.009599
27.3500000	0.056480
27.3666666	0.042537
27.3833333	0.044355
27.4000000	0.012023
27.4166667	-0.095581
27.4333333	-0.050013
27.4500000	-0.056682
27.4666666	-0.084164
27.4833333	0.021824
27.5000000	0.766973
27.5166667	0.511551
27.5333333	-0.076788
27.5500000	-0.058298
27.5666666	-0.044557
27.5833333	-0.042132
27.6000000	-0.094470
27.6166667	-0.087397
27.6333333	-0.042335
27.6500000	-0.038697
27.6666666	-0.013640
27.6833333	-0.078910
27.7000000	-0.028897
27.7166666	0.023643
27.7333333	0.117506
27.7500000	0.118921
27.7666666	0.170046
27.7833333	0.163882
27.8000000	0.236730
27.8166667	0.124680
27.8333333	0.057591
27.8500000	-0.071534
27.8666666	-0.104270
27.8833333	-0.030614
27.9000000	-0.196618
27.9166666	-0.164185
27.9333333	-0.028492
27.9500000	0.126701
27.9666667	-0.463558
27.9833333	0.310386
28.0000000	0.065876
28.0166666	-0.417991
28.0333333	0.242893
28.0500000	0.242085
28.0666666	0.010710
28.0833333	0.813753
28.1000000	-0.668159
28.1166666	-0.116092
28.1333333	-0.568536
28.1500000	-0.282601
28.1666667	-0.184797
28.1833333	-1.131919
28.2000000	-0.101643
28.2166666	-0.245621
28.2333333	0.043749
28.2500000	-1.752995
28.2666666	-0.599554
28.2833333	0.349892
28.3000000	-1.317626
28.3166666	-2.202004
28.3333333	-1.101507
28.3500000	-0.957428
28.3666690	-2.431055
28.3833333	-0.977231
28.4000000	-1.837664
28.4166667	-2.423679
28.4333333	-1.483731
28.4500000	-1.765523
28.4666666	-1.243969
28.4833333	-2.432166
28.5000000	-2.432672
28.5166666	-1.356929
28.5333333	-2.335575
28.5500000	-2.436107
28.5666667	-1.579312
28.5833333	-1.234977
28.6000000	-2.188263
28.6166666	-2.282328
28.6333333	-1.688331
28.6500000	-2.429944
28.6666666	-2.430348
28.6833333	-2.433682
28.7000000	-2.011953
28.7166667	-2.431560
28.7333334	-2.430651
28.7500000	-2.395793
28.7666666	-2.433884
28.7833333	-1.616493
28.8000000	-2.431964
28.8166666	-2.433581
28.8333333	-2.432267
28.8500000	-2.431964
28.8666666	-2.313246
28.8833334	-2.431560
28.9000000	-2.431762
28.9166666	-2.432369
28.9333333	-2.432065
28.9500000	-2.431257
28.9666666	-2.435198
28.9833333	-2.433581
29.0000000	-2.436713
29.0166667	-2.435299
29.0333333	-2.430550
29.0500000	-2.433884
29.0666666	-2.433682
29.0833333	-2.434793
29.1000000	-2.433682
29.1166667	-2.429944
29.1333333	-2.432065
29.1500000	-2.430954
29.1666666	-2.434894
29.1833333	-2.435097
29.2000000	-2.433076
29.2166667	-2.426913
29.2333333	-2.396601
29.2500000	-2.430247
29.2666667	-2.429641
29.2833333	-2.431863
29.3000000	-2.431459
29.3166666	-1.790580
29.3333333	-2.435097
29.3500000	-2.431964
29.3666667	-2.430853
29.3833333	-2.433581
29.4000000	-2.432975
29.4166666	-2.431257
29.4333333	-2.433278
29.4500000	-1.986492
29.4666667	-2.432773
29.4833333	-2.431964
29.5000000	-2.434187
29.5166667	-2.434591
29.5333333	-2.431762
29.5500000	-2.433682
29.5666666	-2.432672
29.5833333	-2.433278
29.6000000	-2.433581
29.6166666	-2.432267
29.6333333	-2.434591
29.6500000	-2.435703
29.6666666	-2.433581
29.6833333	-2.436107
29.7000000	-2.433076
29.7166667	-2.431055
29.7333333	-2.429539
29.7500000	-2.433278
29.7666666	-2.431762
29.7833333	-2.433884
29.8000000	-2.435198
29.8166666	-2.433278
29.8333333	-2.434591
29.8500000	-2.434187
29.8666666	-2.430651
29.8833333	-2.431358
29.9000000	-2.436410
29.9166667	-2.437016
29.9333334	-2.436814
29.9500000	-2.434389
29.9666666	-2.434389
29.9833333	-2.435198
30.0000000	-2.435501
30.0166667	-2.433682
30.0333333	-2.432470
30.0500000	-2.432975
30.0666666	-2.433177
30.0833333	-2.434389
30.1000000	-2.434288
30.1166666	-2.433682
30.1333333	-2.434793
30.1500000	-2.435299
30.1666666	-2.433379
30.1833333	-2.435804
30.2000000	-2.435198
30.2166667	-2.433177
30.2333333	-2.434086
30.2500000	-2.433884
30.2666667	-2.432975
30.2833333	-2.434490
30.3000000	-2.426104
30.3166667	-2.352852
30.3333333	-2.083689
30.3500000	-2.172400
30.3666667	-1.906167
30.3833333	-1.701365
30.4000000	-1.531521
30.4166666	-0.682607
30.4333333	-0.304829
30.4500000	-1.053009
30.4666666	-0.946314
30.4833333	-1.231340
30.5000000	-0.996125
30.5166667	-0.945506
30.5333333	-0.851440
30.5500000	-0.780108
30.5666666	-0.669270
30.5833333	-0.668462
30.6000000	-0.534386
30.6166667	-0.337464
30.6333333	-0.307961
30.6500000	-0.172369
30.6666666	-0.006769
30.6833333	0.125690
30.7000000	0.177017
30.7166666	0.210764
30.7333333	0.172673
30.7500000	0.035464
30.7666666	0.045164
30.7833334	0.106796
30.8000000	0.123973
30.8166667	0.204095
30.8333333	0.130035
30.8500000	0.225616
30.8666667	0.339687
30.8833333	0.327663
30.9000000	0.388185
30.9166666	0.616630
30.9333333	0.438299
30.9500000	0.452646
30.9666667	0.513168
30.9833333	0.581671
31.0000000	0.586016
31.0166666	0.672301
31.0333333	0.662905
31.0500000	0.737672
31.0666667	0.735854
31.0833333	0.810621
31.1000000	0.810621
31.1166666	0.816683
31.1333333	0.813753
31.1500000	0.813753
31.1666667	0.810621
31.1833333	0.810621
31.2000000	0.816885
31.2166666	0.816885
31.2333333	0.810621
31.2500000	0.810621
31.2666666	0.816885
31.2833333	0.810621
31.3000000	0.810621
31.3166666	0.810621
31.3333333	0.816885
31.3500000	0.810621
31.3666667	0.810621
31.3833333	0.816885
31.4000000	0.813753
31.4166667	0.810621
31.4333333	0.810621
31.4500000	0.810621
31.4666667	0.813753
31.4833333	0.810621
31.5000000	0.810621
31.5166666	0.810621
31.5333333	0.810621
31.5500000	0.813753
31.5666666	0.810621
31.5833333	0.813753
31.6000000	0.813753
31.6166667	0.810621
31.6333334	0.810621
31.6500000	0.810621
31.6666666	0.810621
31.6833333	0.813753
31.7000000	0.807489
31.7166666	0.810621
31.7333333	0.813753
31.7500000	0.810621
31.7666666	0.810621
31.7833333	0.810621
31.8000000	0.810621
31.8166666	0.807489
31.8333333	0.810621
31.8500000	0.813753
31.8666667	0.813753
31.8833333	0.810621
31.9000000	0.810621
31.9166666	0.810621
31.9333333	0.810621
31.9500000	0.816885
31.9666666	0.813753
31.9833333	0.810621
32.0000000	0.810621
32.0166667	0.810621
32.0333333	0.813753
32.0500000	0.810621
32.0666666	0.810621
32.0833333	0.810621
32.1000000	0.810621
32.1166666	0.810621
32.1333333	0.810621
32.1500000	0.810621
32.1666666	0.810621
32.1833333	0.810621
32.2000000	0.810621
32.2166666	0.813753
32.2333333	0.810621
32.2500000	0.810621
32.2666666	0.813753
32.2833333	0.813753
32.3000000	0.810621
32.3166667	0.813753
32.3333333	0.810621
32.3500000	0.813753
32.3666666	0.810621
32.3833333	0.813753
32.4000000	0.810621
32.4166667	0.813753
32.4333333	0.810621
32.4500000	0.813753
32.4666667	0.816885
32.4833333	0.820119
32.5000000	0.813753
32.5166667	0.810621
32.5333333	0.813753
32.5500000	0.810621
32.5666666	0.816885
32.5833333	0.810621
32.6000000	0.810621
32.6166667	0.810621
32.6333333	0.810621
32.6500000	0.810621
32.6666667	0.810621
32.6833333	0.810621
32.7000000	0.810621
32.7166666	0.813753
32.7333334	0.810621
32.7500000	0.810621
32.7666667	0.810621
32.7833333	0.813753
32.8000000	0.810621
32.8166666	0.810621
32.8333333	0.810621
32.8500000	0.810621
32.8666667	0.810621
32.8833333	0.810621
32.9000000	0.810621
32.9166667	0.810621
32.9333333	0.810621
32.9500000	0.810621
32.9666666	0.816885
32.9833333	0.810621
33.0000000	0.810621
33.0166666	0.813753
33.0333333	0.810621
33.0500000	0.813753
33.0666666	0.816885
33.0833333	0.810621
33.1000000	0.810621
33.1166666	0.810621
33.1333333	0.813753
33.1500000	0.810621
33.1666666	0.810621
33.1833333	0.810621
33.2000000	0.810621
33.2166666	0.816885
33.2333333	0.810621
33.2500000	0.810621
33.2666666	0.810621
33.2833333	0.810621
33.3000000	0.813753
33.3166667	0.816885
33.3333333	0.813753
33.3500000	0.813753
33.3666666	0.813753
33.3833333	0.810621
33.4000000	0.810621
33.4166667	0.816885
33.4333333	0.810621
33.4500000	0.813753
33.4666666	0.810621
33.4833333	0.810621
33.5000000	0.810621
33.5166667	0.810621
33.5333333	0.810621
33.5500000	0.810621
33.5666667	0.810621
33.5833333	0.810621
33.6000000	0.810621
33.6166666	0.810621
33.6333333	0.810621
33.6500000	0.810621
33.6666667	0.810621
33.6833333	0.810621
33.7000000	0.810621
33.7166666	0.810621
33.7333333	0.810621
33.7500000	0.810621
33.7666666	0.813753
33.7833333	0.813753
33.8000000	0.813753
33.8166667	0.813753
33.8333357	0.810621
33.8500000	0.813753
33.8666666	0.813753
33.8833333	0.813753
33.9000000	0.810621
33.9166667	0.813753
33.9333333	0.807489
33.9500000	0.810621
33.9666667	0.810621
33.9833333	0.810621
34.0000000	0.810621
34.0166666	0.810621
34.0333333	0.810621
34.0500000	0.810621
34.0666666	0.813753
34.0833333	0.810621
34.1000000	0.816885
34.1166667	0.810621
34.1333333	0.810621
34.1500000	0.813753
34.1666666	0.813753
34.1833333	0.813753
34.2000000	0.810621
34.2166666	0.810621
34.2333333	0.813753
34.2500000	0.810621
34.2666666	0.810621
34.2833333	0.810621
34.3000000	0.810621
34.3166667	0.810621
34.3333333	0.810621
34.3500000	0.820119
34.3666667	0.810621
34.3833333	0.810621
34.4000000	0.810621
34.4166667	0.810621
34.4333333	0.810621
34.4500000	0.810621
34.4666667	0.810621
34.4833333	0.810621
34.5000000	0.816885
34.5166667	0.807489
34.5333333	0.810621
34.5500000	0.810621
34.5666666	0.810621
34.5833333	0.816885
34.6000000	0.813753
34.6166667	0.816885
34.6333333	0.810621
34.6500000	0.813753
34.6666667	0.813753
34.6833333	0.810621
34.7000000	0.816885
34.7166667	0.813753
34.7333333	0.810621
34.7500000	0.810621
34.7666667	0.810621
34.7833333	0.810621
34.8000000	0.813753
34.8166666	0.810621
34.8333333	0.813753
34.8500000	0.813753
34.8666667	0.810621
34.8833333	0.813753
34.9000000	0.810621
34.9166667	0.810621
34.9333333	0.813753
34.9500000	0.810621
34.9666666	0.810621
34.9833333	0.810621
35.0000000	0.810621
35.0166667	0.813753
35.0333333	0.810621
35.0500000	0.813753
35.0666666	0.810621
35.0833333	0.810621
35.1000000	0.810621
35.1166667	0.810621
35.1333333	0.813753
35.1500000	0.810621
35.1666667	0.820119
35.1833333	0.813753
35.2000000	0.816885
35.2166666	0.813753
35.2333333	0.810621
35.2500000	0.813753
35.2666666	0.813753
35.2833333	0.810621
35.3000000	0.810621
35.3166667	0.810621
35.3333333	0.810621
35.3500000	0.816885
35.3666667	0.813753
35.3833333	0.813753
35.4000000	0.810621
35.4166666	0.810621
35.4333333	0.813753
35.4500000	0.807489
35.4666667	0.810621
35.4833333	0.810621
35.5000000	0.810621
35.5166666	0.813753
35.5333333	0.807489
35.5500000	0.810621
35.5666667	0.810621
35.5833333	0.810621
35.6000000	0.810621
35.6166667	0.810621
35.6333333	0.813753
35.6500000	0.813753
35.6666666	0.813753
35.6833333	0.810621
35.7000000	0.810621
35.7166667	0.813753
35.7333333	0.813753
35.7500000	0.810621
35.7666666	0.810621
35.7833333	0.813753
35.8000000	0.810621
35.8166667	0.810621
35.8333333	0.810621
35.8500000	0.813753
35.8666666	0.810621
35.8833333	0.810621
35.9000000	0.813753
35.9166666	0.810621
35.9333333	0.810621
35.9500000	0.816885
35.9666667	0.810621
35.9833333	0.810621
36.0000000	0.810621
36.0166666	0.810621
36.0333333	0.810621
36.0500000	0.810621
36.0666666	0.810621
36.0833333	0.810621
36.1000000	0.807388
36.1166666	0.795769
36.1333333	0.794152
36.1500000	0.775763
36.1666667	0.784655
36.1833333	0.794657
36.2000000	0.803953
36.2166667	0.791323
36.2333333	0.782836
36.2500000	0.772631
36.2666666	0.765457
36.2833333	0.784452
36.3000000	0.776774
36.3166666	0.782028
36.3333333	0.790111
36.3500000	0.810318
36.3666666	0.810621
36.3833333	0.812036
36.4000000	0.810621
36.4166667	0.813753
36.4333334	0.810621
36.4500000	0.810621
36.4666666	0.809914
36.4833333	0.802336
36.5000000	0.805367
36.5166667	0.809914
36.5333333	0.818603
36.5500000	0.810621
36.5666666	0.813753
36.5833333	0.810621
36.6000000	0.810621
36.6166667	0.810621
36.6333333	0.791727
36.6500000	0.802134
36.6666666	0.806782
36.6833333	0.798598
36.7000000	0.810520
36.7166667	0.806479
36.7333333	0.801528
36.7500000	0.812541
36.7666667	0.813753
36.7833333	0.813753
36.8000000	0.810621
36.8166667	0.810621
36.8333333	0.816885
36.8500000	0.810621
36.8666666	0.810621
36.8833333	0.812844
36.9000000	0.754444
36.9166666	0.705340
36.9333333	0.690993
36.9500000	0.662703
36.9666666	0.657348
36.9833333	0.655630
37.0000000	0.636938
37.0166666	0.638555
37.0333333	0.620974
37.0500000	0.602788
37.0666666	0.603798
37.0833333	0.586420
37.1000000	0.566616
37.1166666	0.551259
37.1333333	0.565202
37.1500000	0.551461
37.1666667	0.543277
37.1833333	0.548329
37.2000000	0.540145
37.2166666	0.523777
37.2333333	0.537012
37.2500000	0.514481
37.2666666	0.506903
37.2833333	0.495082
37.3000000	0.520038
37.3166666	0.495890
37.3333333	0.476996
37.3500000	0.483564
37.3666667	0.474167
37.3833333	0.463862
37.4000000	0.459719
37.4166667	0.453657
37.4333333	0.425569
37.4500000	0.467903
37.4666666	0.478108
37.4833333	0.526606
37.5000000	0.507914
37.5166667	0.453051
37.5333333	0.381415
37.5500000	0.399602
37.5666666	0.390711
37.5833333	0.372625
37.6000000	0.449615
37.6166667	0.810621
37.6333333	0.812137
37.6500000	0.481846
37.6666666	0.416071
37.6833333	0.393237
37.7000000	0.290987
37.7166666	0.289977
37.7333333	0.296847
37.7500000	0.303213
37.7666667	0.291492
37.7833333	0.307658
37.8000000	0.311397
37.8166667	0.338576
37.8333333	0.360400
37.8500000	0.402330
37.8666667	0.434662
37.8833333	0.474976
37.9000000	0.516098
37.9166666	0.546207
37.9333333	0.444361
37.9500000	0.344739
37.9666667	0.276438
37.9833333	0.221372
38.0000000	0.217836
38.0166667	0.216017
38.0333333	0.232183
38.0500000	0.214906
38.0666667	0.208238
38.0833333	0.213289
38.1000000	0.210056
38.1166667	0.199144
38.1333333	0.200357
38.1500000	0.171763
38.1666666	0.186009
38.1833333	0.168328
38.2000000	0.175704
38.2166666	0.166711
38.2333333	0.170349
38.2500000	0.174895
38.2666667	0.182170
38.2833333	0.167419
38.3000000	0.173380
38.3166667	0.165499
38.3333333	0.177320
38.3500000	0.168934
38.3666666	0.178027
38.3833333	0.190859
38.4000000	0.187828
38.4166667	0.178735
38.4333333	0.181059
38.4500000	0.178836
38.4666667	0.186414
38.4833333	0.188535
38.5000000	0.206419
38.5166667	0.233800
38.5333333	0.253098
38.5500000	0.269062
38.5666667	0.255927
38.5833333	0.200458
38.6000000	0.189748
38.6166666	0.183585
38.6333333	0.183989
38.6500000	0.177320
38.6666667	0.598948
38.6833333	0.810621
38.7000000	0.444766
38.7166666	0.287855
38.7333333	0.244813
38.7500000	0.234507
38.7666666	0.287350
38.7833333	0.304324
38.8000000	0.332816
38.8166667	0.288764
38.8333333	0.344335
38.8500000	0.305233
38.8666666	0.345749
38.8833333	0.396874
38.9000000	0.420214
38.9166666	0.475784
38.9333333	0.522867
38.9500000	0.565202
38.9666666	0.586016
38.9833334	0.557725
39.0000000	0.443957
39.0166667	0.373534
39.0333334	0.339283
39.0500000	0.318166
39.0666666	0.308770
39.0833333	0.308062
39.1000000	0.335746
39.1166667	0.316751
39.1333334	0.330998
39.1500000	0.339081
39.1666666	0.346153
39.1833333	0.333524
39.2000000	0.327259
39.2166666	0.314832
39.2333333	0.331503
39.2500000	0.327461
39.2666667	0.326653
39.2833333	0.326148
39.3000024	0.322612
39.3166666	0.331099
39.3333333	0.296544
39.3500000	0.329785
39.3666666	0.296746
39.3833333	0.336858
39.4000000	0.353630
39.4166666	0.328472
39.4333333	0.331099
39.4500000	0.333221
39.4666667	0.345547
39.4833333	0.371817
39.5000000	0.388488
39.5166666	0.391519
39.5333333	0.418698
39.5500000	0.423750
39.5666666	0.443957
39.5833333	0.449413
39.6000000	0.475885
39.6166667	0.517007
39.6333333	0.524989
39.6500000	0.542570
39.6666667	0.474572
39.6833333	0.457395
39.7000000	0.451333
39.7166666	0.461235
39.7333333	0.490636
39.7500000	0.720698
39.7666666	0.810621
39.7833333	0.810621
39.8000000	0.561160
39.8166667	0.502963
39.8333334	0.500942
39.8500000	0.514784
39.8666666	0.529940
39.8833333	0.544792
39.9000000	0.547722
39.9166667	0.550450
39.9333333	0.568334
39.9500000	0.519129
39.9666666	0.531152
39.9833333	0.593896
40.0000000	0.641586
40.0166667	0.662501
40.0333333	0.708270
40.0500000	0.745957
40.0666666	0.733833
40.0833333	0.616125
40.1000000	0.539842
40.1166666	0.500437
40.1333333	0.491142
40.1500000	0.517209
40.1666667	0.494072
40.1833333	0.501447
40.2000000	0.490940
40.2166666	0.527212
40.2333333	0.519533
40.2500000	0.516906
40.2666666	0.494577
40.2833333	0.497608
40.3000000	0.486393
40.3166666	0.471338
40.3333333	0.447898
40.3500000	0.486999
40.3666667	0.428297
40.3833333	0.463053
40.4000000	0.340091
40.4166666	0.380203
40.4333333	0.395965
40.4500000	0.391216
40.4666667	0.381415
40.4833333	0.363532
40.5000000	0.358985
40.5166667	0.371716
40.5333333	0.363431
40.5500000	0.339384
40.5666667	0.334938
40.5833333	0.321399
40.6000000	0.340899
40.6166667	0.326350
40.6333333	0.298868
40.6500000	0.361915
40.6666667	0.363633
40.6833333	0.388387
40.7000000	0.425366
40.7166667	0.406877
40.7333333	0.345547
40.7500000	0.307456
40.7666666	0.296948
40.7833333	0.281692
40.8000000	0.314226
40.8166667	0.415768
40.8333333	0.816885
40.8500000	0.713120
40.8666667	0.408190
40.8833333	0.347265
40.9000000	0.339283
40.9166666	0.335140
40.9333333	0.333928
40.9500000	0.352822
40.9666666	0.355550
40.9833333	0.366361
41.0000000	0.363936
41.0166667	0.385659
41.0333333	0.419708
41.0500000	0.438299
41.0666667	0.492051
41.0833333	0.527919
41.1000000	0.571466
41.1166666	0.598948
41.1333333	0.600464
41.1500000	0.517512
41.1666666	0.416172
41.1833334	0.364643
41.2000000	0.306345
41.2166666	0.312811
41.2333333	0.308466
41.2500000	0.299878
41.2666667	0.310992
41.2833333	0.320692
41.3000000	0.299474
41.3166667	0.293412
41.3333333	0.300889
41.3500000	0.277953
41.3666667	0.278964
41.3833333	0.290987
41.4000000	0.264717
41.4166666	0.253300
41.4333333	0.267748
41.4500000	0.252391
41.4666666	0.237740
41.4833333	0.250269
41.5000000	0.263202
41.5166666	0.240165
41.5333333	0.229657
41.5500000	0.231173
41.5666666	0.220766
41.5833333	0.229253
41.6000000	0.223191
41.6166666	0.240064
41.6333333	0.206419
41.6500000	0.200458
41.6666667	0.228748
41.6833333	0.216422
41.7000000	0.202478
41.7166666	0.203388
41.7333333	0.208036
41.7500000	0.225414
41.7666666	0.242186
41.7833333	0.267243
41.8000000	0.262393
41.8166667	0.235113
41.8333333	0.167924
41.8500000	0.192476
41.8666667	0.164792
41.8833333	0.164994
41.9000000	0.261787
41.9166666	0.772833
41.9333333	0.810621
41.9500000	0.228748
41.9666667	0.184090
41.9833333	0.130136
42.0000000	0.154991
42.0166666	0.141351
42.0333333	0.150343
42.0500000	0.126802
42.0666667	0.159437
42.0833333	0.163781
42.1000000	0.175906
42.1166666	0.207025
42.1333333	0.225919
42.1500000	0.284116
42.1666667	0.334332
42.1833333	0.384143
42.2000000	0.408594
42.2166667	0.425670
42.2333334	0.335342
42.2500000	0.229051
42.2666667	0.154789
42.2833333	0.142159
42.3000000	0.137916
42.3166666	0.105988
42.3333333	0.120436
42.3500000	0.127913
42.3666667	0.108615
42.3833333	0.106998
42.4000000	0.105685
42.4166666	0.107402
42.4333333	0.087195
42.4500000	0.080830
42.4666666	0.054863
42.4833333	0.080325
42.5000000	0.065573
42.5166667	0.083457
42.5333333	0.063957
42.5500000	0.065270
42.5666667	0.064058
42.5833333	0.083962
42.6000000	0.088003
42.6166666	0.108918
42.6333333	0.105584
42.6500000	0.076283
42.6666666	0.108009
42.6833333	0.092550
42.7000000	0.100936
42.7166666	0.116496
42.7333333	0.108413
42.7500000	0.119325
42.7666666	0.099623
42.7833333	0.120739
42.8000000	0.108413
42.8166666	0.116799
42.8333333	0.087296
42.8500000	0.140745
42.8666667	0.135996
42.8833333	0.199043
42.9000000	0.175299
42.9166667	0.172673
42.9333333	0.080527
42.9500000	0.069008
42.9666666	0.071938
42.9833333	0.089418
43.0000000	0.162266
43.0166667	0.711201
43.0333333	0.810520
43.0500000	0.186717
43.0666667	0.115081
43.0833334	0.113061
43.1000000	0.104776
43.1166666	0.094672
43.1333333	0.129429
43.1500000	0.121649
43.1666666	0.120032
43.1833333	0.162569
43.2000000	0.148828
43.2166667	0.160144
43.2333334	0.213896
43.2500000	0.260777
43.2666666	0.317459
43.2833333	0.364441
43.3000000	0.411827
43.3166666	0.432540
43.3333333	0.338879
43.3500000	0.248753
43.3666666	0.165903
43.3833333	0.120335
43.4000000	0.123265
43.4166666	0.124377
43.4333333	0.123568
43.4500000	0.106392
43.4666666	0.115182
43.4833333	0.139128
43.5000000	0.149535
43.5166666	0.109322
43.5333333	0.125286
43.5500000	0.108918
43.5666666	0.096086
43.5833333	0.092045
43.6000000	0.106392
43.6166666	0.112050
43.6333333	0.111141
43.6500000	0.078304
43.6666666	0.112151
43.6833333	0.096187
43.7000000	0.085477
43.7166666	0.102149
43.7333333	0.110737
43.7500000	0.090024
43.7666666	0.094672
43.7833333	0.081032
43.8000000	0.081436
43.8166666	0.085983
43.8333333	0.079718
43.8500000	0.074060
43.8666666	0.084972
43.8833333	0.079819
43.9000000	0.071332
43.9166666	0.066786
43.9333333	0.068402
43.9500000	0.086892
43.9666667	0.147009
43.9833333	0.192173
44.0000000	0.159841
44.0166666	0.129530
44.0333333	0.032837
44.0500000	0.077900
44.0666666	0.047690
44.0833333	0.020511
44.1000000	0.051529
44.1166666	0.810116
44.1333333	0.810621
44.1500000	0.168732
44.1666666	0.140037
44.1833333	0.056783
44.2000000	0.038394
44.2166666	0.051832
44.2333333	0.050114
44.2500000	0.062946
44.2666666	0.082547
44.2833333	0.096895
44.3000000	0.132258
44.3166666	0.118011
44.3333333	0.149535
44.3500000	0.224909
44.3666666	0.286946
44.3833333	0.334736
44.4000000	0.366967
44.4166666	0.401926
44.4333333	0.320288
44.4500000	0.208844
44.4666667	0.123063
44.4833333	0.103361
44.5000000	0.069918
44.5166666	0.078001
44.5333333	0.085376
44.5500000	0.084467
44.5666667	0.079516
44.5833333	0.084770
44.6000000	0.080021
44.6166666	0.066685
44.6333333	0.069311
44.6500000	0.053853
44.6666667	0.077394
44.6833333	0.056177
44.7000000	0.057389
44.7166667	0.052741
44.7333333	0.034454
44.7500000	0.034353
44.7666691	0.063350
44.7833333	0.086791
44.8000000	0.061633
44.8166667	0.068503
44.8333333	0.093358
44.8500000	0.061026
44.8666666	0.072242
44.8833333	0.075576
44.9000000	0.116193
44.9166666	0.099320
44.9333333	0.098006
44.9500000	0.086286
44.9666667	0.104776
44.9833333	0.132460
45.0000000	0.127913
45.0166666	0.170046
45.0333333	0.185201
45.0500000	0.232385
45.0666667	0.241176
45.0833333	0.201670
45.1000000	0.142260
45.1166667	0.148019
45.1333334	0.144180
45.1500000	0.170753
45.1666666	0.176310
45.1833333	0.810621
45.2000000	0.812339
45.2166666	0.322511
45.2333333	0.253906
45.2500000	0.195103
45.2666667	0.221979
45.2833333	0.219150
45.3000000	0.240165
45.3166666	0.263909
45.3333333	0.298767
45.3500000	0.322207
45.3666667	0.336252
45.3833333	0.350599
45.4000000	0.396470
45.4166667	0.427690
45.4333333	0.488616
45.4500000	0.535497
45.4666666	0.596624
45.4833333	0.611477
45.5000000	0.516805
45.5166666	0.401724
45.5333333	0.340798
45.5500000	0.259463
45.5666667	0.252189
45.5833333	0.235316
45.6000000	0.233800
45.6166666	0.218948
45.6333333	0.206318
45.6500000	0.188939
45.6666666	0.195507
45.6833333	0.203792
45.7000000	0.152263
45.7166667	0.170147
45.7333333	0.139936
45.7500000	0.139027
45.7666666	0.142361
45.7833334	0.131045
45.8000000	0.089923
45.8166667	0.115587
45.8333333	0.113768
45.8500000	0.121144
45.8666666	0.122255
45.8833333	0.115485
45.9000000	0.096490
45.9166666	0.117910
45.9333334	0.102553
45.9500000	0.121851
45.9666667	0.122659
45.9833333	0.118921
46.0000000	0.089418
46.0166666	0.110434
46.0333333	0.080628
46.0500000	0.181564
46.0666667	0.170955
46.0833333	0.196416
46.1000000	0.180553
46.1166667	0.055874
46.1333333	0.078405
46.1500000	0.114677
46.1666666	-0.160548
46.1833333	0.081840
46.2000000	0.402229
46.2166667	0.810621
46.2333333	0.342415
46.2500000	0.124175
46.2666666	0.078506
46.2833333	0.057894
46.3000000	0.086892
46.3166666	0.071837
46.3333333	0.046174
46.3500000	0.068806
46.3666667	0.115081
46.3833333	0.109726
46.4000000	0.149333
46.4166667	0.083861
46.4333333	0.220867
46.4500000	0.274316
46.4666666	0.310184
46.4833333	0.364744
46.5000000	0.396167
46.5166666	0.368483
46.5333333	0.264616
46.5500000	0.196113
46.5666666	0.151253
46.5833333	0.127307
46.6000000	0.141048
46.6166666	0.105685
46.6333333	0.128721
46.6500000	0.100936
46.6666667	0.131550
46.6833333	0.155597
46.7000000	0.137411
46.7166666	0.089721
46.7333333	0.119426
46.7500000	0.113970
46.7666667	0.085680
46.7833333	0.078001
46.8000000	0.125387
46.8166667	0.084669
46.8333334	0.086690
46.8500000	0.078809
46.8666666	0.119931
46.8833333	0.124276
46.9000000	0.120133
46.9166666	0.095076
46.9333333	0.127610
46.9500000	0.128519
46.9666667	0.159841
46.9833333	0.124175
47.0000000	0.164488
47.0166667	0.077394
47.0333333	0.160952
47.0500000	0.160851
47.0666666	0.147009
47.0833333	0.182978
47.1000000	0.217735
47.1166667	0.194598
47.1333333	0.264313
47.1500000	0.264515
47.1666666	0.193385
47.1833333	0.134986
47.2000000	0.139027
47.2166666	0.144685
47.2333333	0.160750
47.2500000	0.368988
47.2666666	0.810621
47.2833333	0.697257
47.3000000	0.236124
47.3166666	0.180755
47.3333333	0.171864
47.3500000	0.202175
47.3666667	0.207227
47.3833333	0.208945
47.4000000	0.199851
47.4166666	0.238347
47.4333333	0.247743
47.4500000	0.269365
47.4666666	0.269466
47.4833333	0.329684
47.5000000	0.348477
47.5166666	0.410918
47.5333333	0.449716
47.5500000	0.421729
47.5666667	0.471035
47.5833333	0.383133
47.6000000	0.258251
47.6166666	0.204499
47.6333333	0.124175
47.6500000	0.152768
47.6666667	0.170652
47.6833333	0.178735
47.7000000	0.141856
47.7166666	0.136501
47.7333333	0.129227
47.7500000	0.137512
47.7666667	0.105786
47.7833333	0.088913
47.8000000	0.082952
47.8166666	0.084972
47.8333333	0.066078
47.8500000	0.071635
47.8666666	0.050418
47.8833333	0.044456
47.9000000	0.037990
47.9166666	0.032433
47.9333333	0.031524
47.9500000	-0.001010
47.9666666	0.104776
47.9833333	0.125690
48.0000000	-0.051630
48.0166667	0.357672
48.0333333	-0.176310
48.0500000	0.165297
48.0666666	0.114071
48.0833333	-0.079718
48.1000000	-0.086387
48.1166666	-0.301899
48.1333333	-0.313821
48.1500000	-0.271386
48.1666667	-0.334433
48.1833333	-0.346355
48.2000000	-0.337464
48.2166667	-0.343526
48.2333333	-0.256533
48.2500000	-0.345244
48.2666667	-0.338373
48.2833333	-0.460527
48.3000000	-0.391923
48.3166667	-0.400915
48.3333333	-0.389094
48.3500000	-0.355752
48.3666667	0.297251
48.3833334	0.425063
48.4000000	-0.150646
48.4166667	-0.201872
48.4333333	-0.084164
48.4500000	-0.154789
48.4666666	-0.167115
48.4833333	-0.135996
48.5000000	-0.079718
48.5166666	-0.032534
48.5333333	-0.034151
48.5500000	0.040314
48.5666667	0.058501
48.5833333	-0.076081
48.6000000	0.387174
48.6166666	0.347265
48.6333333	0.122154
48.6500000	0.043749
48.6666667	0.162064
48.6833333	-0.167722
48.7000000	-0.217129
48.7166667	-0.705542
48.7333333	-0.666441
48.7500000	-0.572477
48.7666666	-0.774652
48.7833333	-0.842852
48.8000000	-0.982384
48.8166667	-0.967532
48.8333333	-1.054020
48.8500000	-1.088574
48.8666666	-1.150712
48.8833333	-1.189713
48.9000000	-1.161523
48.9166667	-1.112116
48.9333333	-1.087968
48.9500000	-1.163241
48.9666666	-1.064932
48.9833333	-1.179811
49.0000000	-0.978141
49.0166667	-1.112116
49.0333333	-0.829818
49.0500000	-1.311260
49.0666667	-0.659065
49.0833333	-2.430146
49.1000000	-0.851137
49.1166667	-0.913881
49.1333333	-1.294185
49.1500000	-1.671862
49.1666666	-1.131111
49.1833333	-1.458977
49.2000000	-1.859488
49.2166667	-2.040951
49.2333333	-2.181695
49.2500000	-2.054793
49.2666666	-2.125317
49.2833333	-2.144615
49.3000000	-2.176947
49.3166666	-2.284349
49.3333334	-2.351337
49.3500000	-2.393267
49.3666667	-2.368715
49.3833333	-2.401451
49.4000000	-2.283743
49.4166667	-2.033474
49.4333333	-1.049776
49.4500000	-1.402497
49.4666666	-1.747640
49.4833333	-1.963657
49.5000000	-1.102315
49.5166666	-1.800684
49.5333333	-1.720764
49.5500000	-1.700961
49.5666666	-1.879998
49.5833333	-2.116021
49.6000000	-1.428261
49.6166667	-2.098946
49.6333333	-1.931729
49.6500000	-2.255149
49.6666667	-2.057622
49.6833333	-2.253533
49.7000000	-2.198063
49.7166666	-2.186040
49.7333333	-2.227364
49.7500000	-2.429742
49.7666666	-2.431257
49.7833333	-2.431459
49.8000000	-2.432672
49.8166667	-2.432267
49.8333333	-2.433682
49.8500000	-2.432975
49.8666666	-2.435400
49.8833333	-2.433581
49.9000000	-2.433278
49.9166666	-2.432470
49.9333333	-2.432874
49.9500000	-1.554861
49.9666666	-2.435400
49.9833333	-2.432975
50.0000000	-2.430247
50.0166666	-2.432874
50.0333333	-2.434995
50.0500000	-2.432773
50.0666667	-2.432166
50.0833333	-2.430651
50.1000000	-2.434490
50.1166667	-2.431156
50.1333333	-2.431358
50.1500000	-2.432672
50.1666667	-2.434389
50.1833333	-2.437926
50.2000000	-2.432773
50.2166666	-2.434591
50.2333332	-2.434288
50.2500000	-2.430752
50.2666666	-2.430348
50.2833334	-2.434187
50.3000000	-2.431661
50.3166666	-2.430146
50.3333333	-2.434793
50.3500000	-2.433985
50.3666667	-2.431762
50.3833333	-2.431156
50.4000000	-2.434490
50.4166666	-2.434793
50.4333334	-2.431257
50.4500000	-2.237771
50.4666666	-1.503534
50.4833333	-2.183009
50.5000000	-2.344466
50.5166667	-2.288290
50.5333333	-2.157042
50.5500000	-2.065098
50.5666666	-1.910916
50.5833333	-1.788358
50.6000000	-1.727129
50.6166666	-1.599923
50.6333333	-1.487469
50.6500000	-1.400072
50.6666666	-1.319949
50.6833333	-1.214770
50.7000000	-1.102113
50.7166666	-0.981374
50.7333333	-0.867505
50.7500000	-0.822341
50.7666667	-0.838810
50.7833333	-0.915094
50.8000000	-0.935503
50.8166667	-0.970866
50.8333333	-0.964703
50.8500000	-0.934493
50.8666667	-0.913174
50.8833333	-0.913376
50.9000000	-0.842347
50.9166667	-0.788696
50.9333333	-0.780613
50.9500000	-0.733227
50.9666666	-0.744139
50.9833333	-0.722315
51.0000000	-0.709786
51.0166666	-0.685335
51.0333333	-0.650881
51.0500000	-0.653508
51.0666667	-0.631280
51.0833334	-0.581671
51.1000000	-0.539033
51.1166667	-0.578842
51.1333333	-0.544186
51.1500000	-0.495183
51.1666667	-0.487908
51.1833333	-0.438299
51.2000000	-0.441027
51.2166666	-0.417789
51.2333333	-0.399198
51.2500000	-0.350700
51.2666667	-0.349690
51.2833333	-0.317560
51.3000000	-0.275225
51.3166666	-0.217735
51.3333333	-0.126499
51.3500000	-0.171157
51.3666666	-0.188232
51.3833333	-0.256331
51.4000000	-0.243803
51.4166666	-0.199548
51.4333333	-0.183382
51.4500000	0.011316
51.4666666	0.699480
51.4833333	0.198033
51.5000000	-0.036879
51.5166666	-0.081436
51.5333334	-0.048094
51.5500000	-0.017682
51.5666666	0.007679
51.5833333	0.039506
51.6000000	0.069210
51.6166666	0.133975
51.6333333	0.137916
51.6500000	0.212481
51.6666666	0.233901
51.6833333	0.277448
51.7000000	0.380809
51.7166667	0.396773
51.7333333	0.471338
51.7500000	0.517916
51.7666666	0.503266
51.7833333	0.425063
51.8000000	0.323218
51.8166666	0.303010
51.8333333	0.298464
51.8500000	0.285531
51.8666666	0.320187
51.8833333	0.338677
51.9000000	0.376161
51.9166666	0.372221
51.9333333	0.386467
51.9500000	0.380809
51.9666667	0.373029
51.9833333	0.397177
52.0000000	0.390913
52.0166666	0.401118
52.0333333	0.404250
52.0500000	0.406978
52.0666666	0.448605
52.0833333	0.413747
52.1000000	0.428499
52.1166667	0.434662
52.1333333	0.449918
52.1500000	0.465680
52.1666666	0.443553
52.1833333	0.463356
52.2000000	0.436177
52.2166667	0.471035
52.2333333	0.463963
52.2500000	0.486292
52.2666666	0.493061
52.2833333	0.529334
52.3000000	0.641889
52.3166666	0.584197
52.3333333	0.566010
52.3500000	0.496497
52.3666666	0.468711
52.3833333	0.490232
52.4000000	0.500033
52.4166667	0.729488
52.4333333	0.813753
52.4500000	0.816885
52.4666666	0.563585
52.4833334	0.519331
52.5000000	0.515694
52.5166666	0.513067
52.5333333	0.517209
52.5500000	0.505893
52.5666667	0.525292
52.5833333	0.541559
52.6000000	0.560251
52.6166666	0.601373
52.6333333	0.635625
52.6500000	0.614508
52.6666666	0.689478
52.6833333	0.741916
52.7000000	0.810621
52.7166666	0.810318
52.7333333	0.806782
52.7500000	0.687760
52.7666667	0.625016
52.7833334	0.546207
52.8000000	0.538023
52.8166667	0.548228
52.8333333	0.511147
52.8500000	0.534487
52.8666666	0.549036
52.8833333	0.547621
52.9000000	0.540448
52.9166666	0.542570
52.9333333	0.523271
52.9500000	0.527818
52.9666666	0.511450
52.9833333	0.554290
53.0000000	0.508015
53.0166666	0.516502
53.0333333	0.522160
53.0500000	0.543883
53.0666666	0.550754
53.0833333	0.506196
53.1000000	0.548430
53.1166666	0.547520
53.1333333	0.513067
53.1500000	0.526303
53.1666667	0.518018
53.1833333	0.542266
53.2000000	0.536608
53.2166667	0.548834
53.2333333	0.529334
53.2500000	0.513269
53.2666666	0.533779
53.2833333	0.545196
53.3000000	0.505792
53.3166667	0.558533
53.3333334	0.653508
53.3500000	0.679677
53.3666666	0.615417
53.3833333	0.530748
53.4000000	0.505388
53.4166666	0.481745
53.4333333	0.495587
53.4500000	0.640070
53.4666667	0.810621
53.4833334	0.810621
53.5000000	0.589451
53.5166666	0.554694
53.5333333	0.483160
53.5500000	0.502256
53.5666667	0.482756
53.5833333	0.494476
53.6000000	0.494779
53.6166666	0.517916
53.6333333	0.542165
53.6500000	0.561565
53.6666667	0.553886
53.6833334	0.607941
53.7000000	0.653912
53.7166666	0.685739
53.7333333	0.754141
53.7500000	0.790919
53.7666666	0.792839
53.7833333	0.696954
53.8000000	0.583894
53.8166666	0.520543
53.8333333	0.494173
53.8500000	0.471641
53.8666666	0.474167
53.8833333	0.478411
53.9000000	0.481038
53.9166666	0.479522
53.9333333	0.493364
53.9500000	0.471035
53.9666666	0.483766
53.9833333	0.478411
54.0000000	0.479118
54.0166666	0.460729
54.0333333	0.472046
54.0500000	0.449514
54.0666667	0.465276
54.0833333	0.441027
54.1000000	0.451838
54.1166667	0.465680
54.1333333	0.470429
54.1500000	0.452141
54.1666667	0.439209
54.1833333	0.444058
54.2000000	0.468307
54.2166667	0.422234
54.2333333	0.466084
54.2500000	0.444563
54.2666666	0.402835
54.2833333	0.464872
54.3000000	0.447696
54.3166666	0.488616
54.3333333	0.463558
54.3500000	0.449110
54.3666666	0.491344
54.3833333	0.522463
54.4000000	0.524989
54.4166667	0.612689
54.4333333	0.644011
54.4500000	0.583591
54.4666666	0.474774
54.4833333	0.427993
54.5000000	0.506499
54.5166666	0.500437
54.5333333	0.615215
54.5500000	0.810621
54.5666666	0.810621
54.5833333	0.580863
54.6000000	0.515795
54.6166666	0.476693
54.6333333	0.482654
54.6500000	0.488616
54.6666667	0.481745
54.6833333	0.520644
54.7000000	0.559746
54.7166667	0.541660
54.7333333	0.584298
54.7500000	0.597736
54.7666666	0.635625
54.7833333	0.695843
54.8000000	0.781320
54.8166666	0.812642
54.8333333	0.810621
54.8500000	0.812541
54.8666667	0.787989
54.8833333	0.690185
54.9000000	0.582580
54.9166667	0.554593
54.9333333	0.546712
54.9500000	0.552269
54.9666666	0.538124
54.9833333	0.562272
55.0000000	0.536103
55.0166667	0.536103
55.0333333	0.549339
55.0500000	0.532365
55.0666667	0.531556
55.0833333	0.526505
55.1000000	0.512460
55.1166667	0.552370
55.1333333	0.539740
55.1500000	0.546510
55.1666667	0.518018
55.1833333	0.552875
55.2000000	0.526707
55.2166667	0.513471
55.2333333	0.502862
55.2500000	0.509328
55.2666667	0.530546
55.2833333	0.528121
55.3000000	0.527111
55.3166666	0.511955
55.3333333	0.491041
55.3500000	0.532971
55.3666667	0.512460
55.3833333	0.522665
55.4000000	0.519937
55.4166666	0.497103
55.4333333	0.506802
55.4500000	0.546510
55.4666666	0.646739
55.4833333	0.674726
55.5000000	0.602788
55.5166667	0.546409
55.5333333	0.481442
55.5500000	0.474066
55.5666667	0.486696
55.5833333	0.528525
55.6000000	0.813753
55.6166667	0.813753
55.6333333	0.674019
55.6500000	0.574194
55.6666667	0.540852
55.6833333	0.514481
55.6999999	0.518624
55.7166666	0.515997
55.7333333	0.557725
55.7500000	0.592886
55.7666666	0.589047
55.7833333	0.607435
55.8000000	0.629158
55.8166666	0.690892
55.8333333	0.743229
55.8500000	0.807388
55.8666666	0.809207
55.8833333	0.810621
55.9000000	0.816885
55.9166666	0.795567
55.9333333	0.646133
55.9500000	0.573891
55.9666667	0.502054
55.9833333	0.455981
56.0000000	0.466185
56.0166666	0.487807
56.0333333	0.457496
56.0500000	0.443048
56.0666667	0.434258
56.0833333	0.399905
56.1000000	0.432641
56.1166666	0.428903
56.1333333	0.410211
56.1500000	0.392428
56.1666667	0.382123
56.1833333	0.377879
56.2000000	0.398794
56.2166667	0.368381
56.2333333	0.366260
56.2500000	0.361107
56.2666667	0.381213
56.2833333	0.359692
56.3000000	0.399299
56.3166667	0.392327
56.3333333	0.390913
56.3500000	0.374646
56.3666666	0.370806
56.3833333	0.408089
56.4000000	0.374848
56.4166666	0.374343
56.4333333	0.430317
56.4500000	0.436379
56.4666667	0.418395
56.4833333	0.423245
56.5000000	0.446685
56.5166667	0.434359
56.5333333	0.480028
56.5500000	0.447190
56.5666666	0.525797
56.5833333	0.598645
56.6000000	0.654519
56.6166667	0.647446
56.6333333	0.585106
56.6500000	0.544489
56.6666666	0.508924
56.6833333	0.543176
56.7000000	0.563686
56.7166667	0.810621
56.7333333	0.810621
56.7500000	0.816077
56.7666667	0.709584
56.7833333	0.681597
56.8000000	0.680687
56.8166666	0.720900
56.8333333	0.754444
56.8500000	0.743431
56.8666666	0.808499
56.8833333	0.805670
56.9000000	0.810621
56.9166667	0.813248
56.9333333	0.810621
56.9500000	0.810621
56.9666667	0.810621
56.9833333	0.813753
57.0000000	0.810621
57.0166666	0.813753
57.0333333	0.810621
57.0500000	0.816885
57.0666667	0.810621
57.0833333	0.820119
57.1000000	0.816885
57.1166666	0.807489
57.1333333	0.813753
57.1500000	0.820119
57.1666666	0.810621
57.1833333	0.810621
57.2000000	0.816885
57.2166667	0.810621
57.2333333	0.816885
57.2500000	0.810621
57.2666666	0.813753
57.2833334	0.810621
57.3000000	0.813753
57.3166666	0.807489
57.3333333	0.810621
57.3500000	0.810621
57.3666667	0.810621
57.3833333	0.818603
57.4000000	0.813753
57.4166667	0.813349
57.4333333	0.813450
57.4500000	0.810621
57.4666667	0.810621
57.4833333	0.810621
57.5000000	0.810621
57.5166666	0.800113
57.5333333	0.803953
57.5500000	0.802639
57.5666666	0.810520
57.5833333	0.810621
57.6000000	0.810621
57.6166667	0.810621
57.6333333	0.786978
57.6500000	0.738481
57.6666666	0.734439
57.6833333	0.723123
57.7000000	0.811935
57.7166667	0.810621
57.7333334	0.813753
57.7500000	0.777683
57.7666666	0.706048
57.7833333	0.704229
57.8000000	0.715545
57.8166666	0.686952
57.8333333	0.707866
57.8500000	0.713524
57.8666666	0.689478
57.8833333	0.693418
57.9000000	0.699985
57.9166666	0.740905
57.9333333	0.774551
57.9500000	0.812036
57.9666666	0.813652
57.9833333	0.810621
58.0000000	0.813753
58.0166666	0.813753
58.0333333	0.806074
58.0500000	0.705138
58.0666667	0.622692
58.0833333	0.576518
58.1000000	0.539538
58.1166667	0.606122
58.1333333	0.558735
58.1500000	0.567829
58.1666667	0.572375
58.1833333	0.548430
58.2000000	0.533476
58.2166666	0.540044
58.2333333	0.533173
58.2500000	0.498012
58.2666667	0.507207
58.2833333	0.488515
58.3000000	0.494274
58.3166667	0.452343
58.3333333	0.464569
58.3500000	0.470429
58.3666666	0.465478
58.3833333	0.453253
58.4000000	0.433045
58.4166667	0.449413
58.4333333	0.431227
58.4500000	0.427589
58.4666666	0.433854
58.4833333	0.449312
58.5000000	0.407887
58.5166667	0.413242
58.5333333	0.399501
58.5500000	0.405462
58.5666667	0.396167
58.5833333	0.386265
58.6000000	0.383032
58.6166667	0.412737
58.6333333	0.506499
58.6500000	0.542570
58.6666667	0.472450
58.6833333	0.395864
58.7000000	0.325441
58.7166666	0.353327
58.7333333	0.332210
58.7500000	0.339283
58.7666666	0.810621
58.7833333	0.813753
58.8000000	0.487807
58.8166666	0.404553
58.8333333	0.332715
58.8500000	0.334736
58.8666666	0.322612
58.8833333	0.328270
58.9000000	0.329381
58.9166666	0.356863
58.9333333	0.359591
58.9500000	0.376667
58.9666666	0.371817
58.9833333	0.432136
59.0000000	0.472652
59.0166666	0.534992
59.0333333	0.595210
59.0500000	0.632695
59.0666667	0.653205
59.0833333	0.573891
59.1000000	0.445473
59.1166666	0.366866
59.1333333	0.324935
59.1500000	0.297554
59.1666666	0.310083
59.1833333	0.319075
59.2000000	0.307254
59.2166666	0.321096
59.2333333	0.294321
59.2500000	0.272093
59.2666666	0.293311
59.2833333	0.282702
59.3000000	0.286440
59.3166666	0.258756
59.3333333	0.266132
59.3500000	0.284015
59.3666666	0.262596
59.3833333	0.262393
59.4000000	0.247642
59.4166667	0.270679
59.4333333	0.250370
59.4500000	0.270476
59.4666667	0.248551
59.4833333	0.247541
59.5000000	0.243702
59.5166666	0.259868
59.5333333	0.236730
59.5500000	0.241277
59.5666666	0.250572
59.5833333	0.237437
59.6000000	0.228950
59.6166667	0.236932
59.6333333	0.239256
59.6500000	0.254311
59.6666666	0.222484
59.6833333	0.248147
59.7000000	0.305738
59.7166667	0.390307
59.7333333	0.319378
59.7500000	0.281186
59.7666667	0.167318
59.7833333	0.178129
59.8000000	0.194395
59.8166666	0.191263
59.8333333	0.602485
59.8500000	0.810621
59.8666666	0.450929
59.8833333	0.242388
59.9000000	0.225717
59.9166666	0.215108
59.9333333	0.231880
59.9500000	0.226020
59.9666667	0.200054
59.9833333	0.228546
60.0000000	0.251886
60.0166667	0.273306
60.0333333	0.290987
60.0500000	0.341809
60.0666666	0.363936
60.0833333	0.397682
60.1000000	0.492758
60.1166666	0.534487
60.1333333	0.587430
60.1500000	0.514279
60.1666667	0.393540
60.1833333	0.294523
60.2000000	0.243095
60.2166666	0.235113
60.2333333	0.205308
60.2500000	0.220564
60.2666667	0.237841
60.2833333	0.237336
60.3000000	0.226626
60.3166667	0.224201
60.3333333	0.225010
60.3500000	0.229758
60.3666666	0.222383
60.3833333	0.226121
60.4000000	0.223494
60.4166667	0.216826
60.4333333	0.216017
60.4500000	0.208137
60.4666666	0.194497
60.4833333	0.203489
60.5000000	0.197932
60.5166666	0.207025
60.5333333	0.210258
60.5500000	0.181059
60.5666666	0.196921
60.5833333	0.194092
60.6000000	0.200660
60.6166666	0.198942
60.6333333	0.190960
60.6500000	0.218240
60.6666666	0.182170
60.6833333	0.190960
60.7000000	0.215209
60.7166667	0.193082
60.7333333	0.178331
60.7500000	0.212481
60.7666666	0.200963
60.7833333	0.209753
60.8000000	0.223797
60.8166667	0.312205
60.8333333	0.380607
60.8500000	0.270476
60.8666667	0.190657
60.8833333	0.171864
60.9000000	0.182574
60.9166667	0.164387
60.9333333	0.192173
60.9500000	0.752929
60.9666666	0.813753
60.9833333	0.300788
61.0000000	0.222989
61.0166666	0.201367
61.0333333	0.169540
61.0500000	0.176815
61.0666666	0.186414
61.0833333	0.183382
61.1000000	0.200862
61.1166666	0.236023
61.1333333	0.292806
61.1500000	0.314226
61.1666666	0.325845
61.1833333	0.331099
61.2000000	0.373939
61.2166665	0.446584
61.2333333	0.507611
61.2500000	0.525090
61.2666667	0.465882
61.2833333	0.345547
61.3000000	0.270578
61.3166666	0.221777
61.3333333	0.182574
61.3500000	0.213694
