# PteroDAQ recording
# 10:23:30, 18 Feb 2015
# Recording every 0.016666666666666666 sec (60.0 Hz)
# Analog reference is Power
# Averaging 32 readings together
# Scale: 0 to 3.3054 volts
# Recording channels:
#   ch1 : Diff/PTE20-PTE21
# Notes:
#   EKG gain=1508 RA-LA
#   Kevin Karplus
#   
0.0000000	-0.248049
0.0166667	-0.235037
0.0333334	-0.241291
0.0500000	-0.254001
0.0666667	-0.260053
0.0833333	-0.246839
0.1000000	-0.260255
0.1166667	-0.231708
0.1333334	-0.285675
0.1500000	-0.235037
0.1666667	-0.273268
0.1833334	-0.250470
0.2000000	-0.283456
0.2166667	-0.248251
0.2333333	-0.283658
0.2500000	-0.255716
0.2666667	-0.254203
0.2833334	-0.237659
0.3000000	-0.185205
0.3166667	-0.088467
0.3333334	-0.138702
0.3500000	-0.185810
0.3666667	-0.269939
0.3833334	-0.275185
0.4000000	-0.289811
0.4166667	-0.263382
0.4333333	-0.269636
0.4500000	0.319569
0.4666667	0.555009
0.4833334	-0.074344
0.5000000	-0.189139
0.5166667	-0.222125
0.5333333	-0.218191
0.5500000	-0.214156
0.5666667	-0.200134
0.5833334	-0.194586
0.6000000	-0.196099
0.6166667	-0.190955
0.6333334	-0.160087
0.6500000	-0.143846
0.6666667	-0.088265
0.6833334	-0.022293
0.7000000	0.042972
0.7166667	0.079691
0.7333333	0.105313
0.7500000	0.061836
0.7666667	-0.048117
0.7833334	-0.095528
0.8000000	-0.160995
0.8166667	-0.196906
0.8333334	-0.192569
0.8500000	-0.184801
0.8666668	-0.177942
0.8833333	-0.186415
0.9000000	-0.172596
0.9166667	-0.169166
0.9333334	-0.171688
0.9500000	-0.190854
0.9666667	-0.159482
0.9833333	-0.187828
1.0000000	-0.167653
1.0166667	-0.175521
1.0333333	-0.166846
1.0500000	-0.134667
1.0666667	-0.134364
1.0833333	-0.156557
1.1000000	-0.140719
1.1166667	-0.145864
1.1333333	-0.149899
1.1500000	-0.155144
1.1666667	-0.133356
1.1833333	-0.132851
1.2000000	-0.128614
1.2166667	-0.136886
1.2333333	-0.129018
1.2500000	-0.113382
1.2666667	-0.115602
1.2833333	-0.116510
1.3000000	-0.108137
1.3166667	-0.128110
1.3333333	-0.117922
1.3500000	-0.103295
1.3666667	-0.090888
1.3833334	-0.089778
1.4000000	-0.068796
1.4166667	0.029354
1.4333334	0.085743
1.4500000	-0.019973
1.4666667	-0.064257
1.4833333	-0.126698
1.5000000	-0.101177
1.5166667	-0.145057
1.5333333	-0.094721
1.5500000	0.099764
1.5666667	0.809212
1.5833333	0.451109
1.6000000	-0.007868
1.6166667	-0.082515
1.6333334	-0.075857
1.6500000	-0.078177
1.6666667	-0.073840
1.6833334	-0.078581
1.7000001	-0.054270
1.7166667	-0.037323
1.7333334	-0.028648
1.7500000	-0.006557
1.7666667	0.038433
1.7833333	0.069200
1.8000000	0.146974
1.8166667	0.225958
1.8333333	0.282044
1.8500000	0.302622
1.8666667	0.246637
1.8833333	0.137592
1.9000000	0.070914
1.9166667	0.041157
1.9333335	0.010995
1.9500000	0.007364
1.9666667	0.024311
1.9833333	0.018157
2.0000000	0.021284
2.0166667	0.033894
2.0333334	0.028547
2.0500000	0.017552
2.0666667	0.016745
2.0833334	0.025925
2.1000000	0.026933
2.1166667	0.016745
2.1333334	0.013215
2.1500000	0.001311
2.1666667	-0.000303
2.1833333	0.008877
2.2000000	-0.013618
2.2166667	0.006557
2.2333334	-0.001110
2.2500000	0.008272
2.2666667	0.012811
2.2833334	0.034398
2.3000000	0.029253
2.3166667	0.029960
2.3333334	0.006658
2.3500000	0.009381
2.3666667	0.039845
2.3833334	0.016039
2.4000000	0.021184
2.4166667	0.033591
2.4333333	0.024613
2.4500000	0.039139
2.4666667	0.033591
2.4833334	0.129119
2.5000000	0.107431
2.5166667	0.060424
2.5333334	-0.028547
2.5500000	-0.014425
2.5666667	-0.028850
2.5833334	-0.016745
2.6000000	-0.020074
2.6166667	0.477134
2.6333333	0.802252
2.6500000	0.202555
2.6666667	0.063248
2.6833333	-0.006153
2.7000000	0.000101
2.7166667	0.003732
2.7333333	0.029657
2.7500000	-0.004842
2.7666667	0.032381
2.7833333	0.037929
2.8000000	0.057700
2.8166667	0.088164
2.8333334	0.102085
2.8500000	0.166442
2.8666667	0.230195
2.8833333	0.262676
2.9000000	0.314223
2.9166668	0.285877
2.9333334	0.165534
2.9500000	0.065972
2.9666667	0.026530
2.9833333	-0.000303
3.0000000	-0.016644
3.0166667	0.007465
3.0333334	-0.020377
3.0500000	0.002824
3.0666667	-0.019670
3.0833333	-0.019368
3.1000000	0.004539
3.1166667	-0.025824
3.1333334	-0.036315
3.1500000	-0.031574
3.1666667	-0.040350
3.1833333	-0.043578
3.2000000	-0.035205
3.2166667	-0.052253
3.2333334	-0.044183
3.2500000	-0.050639
3.2666667	-0.046604
3.2833333	-0.016846
3.3000000	-0.026429
3.3166667	-0.007666
3.3333334	-0.031473
3.3500000	-0.004943
3.3666667	-0.014728
3.3833333	-0.028648
3.4000000	-0.009785
3.4166667	-0.009583
3.4333333	0.003026
3.4500000	0.014223
3.4666667	-0.009482
3.4833333	0.014728
3.5000000	0.040249
3.5166667	0.135676
3.5333334	0.104606
3.5500000	0.056994
3.5666667	-0.025420
3.5833334	-0.032683
3.6000000	-0.011500
3.6166667	0.012307
3.6333333	0.045898
3.6500001	0.462609
3.6666667	0.812339
3.6833334	0.414189
3.7000000	0.199025
3.7166667	0.209112
3.7333333	0.251983
3.7500000	0.203564
3.7666667	0.210121
3.7833334	0.207397
3.8000000	0.243006
3.8166667	0.226361
3.8333334	0.237861
3.8500000	0.270544
3.8666667	0.318863
3.8833334	0.370107
3.9000000	0.430430
3.9166667	0.454236
3.9333333	0.519602
3.9500001	0.504471
3.9666667	0.444956
3.9833333	0.307061
4.0000000	0.292333
4.0166667	0.262575
4.0333333	0.237659
4.0500000	0.233120
4.0666667	0.285373
4.0833334	0.286281
4.1000000	0.294250
4.1166667	0.319569
4.1333334	0.291526
4.1500000	0.320679
4.1666667	0.336617
4.1833333	0.305548
4.2000000	0.307262
4.2166667	0.315332
4.2333333	0.317753
4.2500000	0.312609
4.2666667	0.345796
4.2833333	0.339139
4.3000000	0.332380
4.3166667	0.322898
4.3333334	0.319872
4.3500000	0.317652
4.3666667	0.334398
4.3833333	0.330564
4.4000000	0.319367
4.4166667	0.310591
4.4333333	0.340652
4.4500000	0.309280
4.4666667	0.339441
4.4833333	0.353160
4.5000000	0.348722
4.5166667	0.336213
4.5333334	0.339946
4.5500000	0.335205
4.5666667	0.338533
4.5833334	0.336516
4.6000000	0.324209
4.6166667	0.342669
4.6333333	0.419535
4.6500000	0.481270
4.6666667	0.423974
4.6833334	0.385036
4.7000000	0.292030
4.7166667	0.296671
4.7333334	0.293342
4.7500000	0.308977
4.7666667	0.444451
4.7833334	0.809212
4.8000001	0.812339
4.8166667	0.437188
4.8333333	0.378681
4.8500000	0.336415
4.8666667	0.344989
4.8833334	0.359011
4.9000000	0.353765
4.9166667	0.356489
4.9333333	0.356186
4.9500000	0.341459
4.9666667	0.377168
4.9833333	0.431943
5.0000000	0.458372
5.0166667	0.519098
5.0333333	0.542703
5.0500000	0.598385
5.0666667	0.619468
5.0833334	0.573066
5.1000000	0.450907
5.1166667	0.357498
5.1333333	0.314626
5.1500000	0.310591
5.1666667	0.297579
5.1833333	0.308170
5.2000000	0.275588
5.2166667	0.271654
5.2333333	0.263584
5.2500000	0.269939
5.2666667	0.275084
5.2833334	0.233524
5.3000000	0.253799
5.3166667	0.211936
5.3333333	0.250369
5.3500000	0.226967
5.3666667	0.215871
5.3833334	0.206489
5.4000000	0.216173
5.4166667	0.193779
5.4333333	0.185507
5.4500000	0.167350
5.4666667	0.186012
5.4833333	0.172495
5.5000000	0.145763
5.5166667	0.156153
5.5333334	0.153127
5.5500000	0.152622
5.5666667	0.139307
5.5833334	0.111668
5.6000001	0.155245
5.6166667	0.140316
5.6333334	0.094620
5.6500000	0.102690
5.6666667	0.100874
5.6833334	0.068191
5.7000000	0.067384
5.7166667	0.046604
5.7333333	0.072932
5.7500000	0.148688
5.7666667	0.182279
5.7833333	0.117317
5.8000000	0.067283
5.8166667	0.018258
5.8333334	-0.044889
5.8500000	-0.035104
5.8666667	-0.024613
5.8833333	0.113181
5.9000000	0.812339
5.9166667	0.414996
5.9333334	0.064660
5.9500000	-0.021587
5.9666667	-0.009785
5.9833333	-0.045393
6.0000000	-0.045494
6.0166667	-0.013517
6.0333333	-0.013114
6.0500000	-0.010693
6.0666667	0.002824
6.0833333	0.032582
6.1000000	0.036516
6.1166668	0.088164
6.1333333	0.124479
6.1500000	0.186415
6.1666667	0.226462
6.1833334	0.254707
6.2000000	0.174210
6.2166667	0.051648
6.2333333	-0.028951
6.2500001	-0.099563
6.2666667	-0.098957
6.2833333	-0.076664
6.3000000	-0.095124
6.3166667	-0.076059
6.3333333	-0.083725
6.3500000	-0.083625
6.3666667	-0.076765
6.3833333	-0.078177
6.4000000	-0.101984
6.4166667	-0.112071
6.4333333	-0.135575
6.4500000	-0.117922
6.4666667	-0.107935
6.4833334	-0.131439
6.5000000	-0.114996
6.5166667	-0.159785
6.5333334	-0.183893
6.5500000	-0.164526
6.5666667	-0.159583
6.5833333	-0.187525
6.6000000	-0.189643
6.6166667	-0.164324
6.6333334	-0.158473
6.6500000	-0.160491
6.6666667	-0.160188
6.6833333	-0.181372
6.7000000	-0.167148
6.7166667	-0.211029
6.7333334	-0.159179
6.7500000	-0.086953
6.7666667	-0.054371
6.7833334	-0.109146
6.8000000	-0.150202
6.8166667	-0.186718
6.8333333	-0.205279
6.8500000	-0.209818
6.8666667	-0.187021
6.8833334	-0.015837
6.9000000	0.788331
6.9166667	0.291022
6.9333334	-0.073941
6.9500000	-0.143746
6.9666667	-0.179657
6.9833333	-0.163920
7.0000000	-0.169569
7.0166667	-0.144250
7.0333333	-0.157969
7.0500000	-0.141627
7.0666667	-0.131742
7.0833333	-0.103396
7.1000000	-0.074042
7.1166667	-0.032179
7.1333333	0.009684
7.1500000	0.070511
7.1666667	0.120141
7.1833334	0.144250
7.2000000	0.052152
7.2166667	-0.029052
7.2333333	-0.082717
7.2500000	-0.116106
7.2666667	-0.137491
7.2833333	-0.129522
7.3000000	-0.142838
7.3166667	-0.144855
7.3333333	-0.127707
7.3500000	-0.117417
7.3666667	-0.101883
7.3833333	-0.107633
7.4000017	-0.128413
7.4166667	-0.118023
7.4333333	-0.133961
7.4500000	-0.151916
7.4666667	-0.178547
7.4833334	-0.149596
7.5000000	-0.150403
7.5166667	-0.138399
7.5333333	-0.176731
7.5500000	-0.145763
7.5666667	-0.171183
7.5833334	-0.175723
7.6000000	-0.161600
7.6166667	-0.159280
7.6333333	-0.193376
7.6500000	-0.177639
7.6666667	-0.186617
7.6833334	-0.196200
7.7000000	-0.186516
7.7166667	-0.198823
7.7333333	-0.197007
7.7500000	-0.190349
7.7666667	-0.189845
7.7833334	-0.156657
7.8000000	-0.162206
7.8166667	-0.046402
7.8333334	-0.036214
7.8500000	-0.114593
7.8666667	-0.158877
7.8833333	-0.204674
7.9000000	-0.216476
7.9166667	-0.201647
7.9333333	-0.223638
7.9500000	0.028648
7.9666667	0.815769
7.9833334	0.331069
8.0000000	-0.097041
8.0166667	-0.148688
8.0333333	-0.170376
8.0500000	-0.172091
8.0666667	-0.182481
8.0833333	-0.145360
8.1000000	-0.133255
8.1166667	-0.154539
8.1333334	-0.125588
8.1500000	-0.117014
8.1666667	-0.098655
8.1833333	-0.042972
8.2000000	0.019771
8.2166667	0.089475
8.2333333	0.133658
8.2500000	0.139206
8.2666667	0.098655
8.2833333	-0.032784
8.3000000	-0.101278
8.3166667	-0.126698
8.3333334	-0.138399
8.3500000	-0.144553
8.3666667	-0.144754
8.3833334	-0.138197
8.4000000	-0.122360
8.4166667	-0.132549
8.4333334	-0.143443
8.4500000	-0.135373
8.4666667	-0.120343
8.4833334	-0.120948
8.5000000	-0.146167
8.5166667	-0.179858
8.5333334	-0.168359
8.5500000	-0.175017
8.5666667	-0.174714
8.5833333	-0.175622
8.6000000	-0.215366
8.6166667	-0.198318
8.6333334	-0.187021
8.6500000	-0.189240
8.6666667	-0.169771
8.6833333	-0.138601
8.7000000	-0.174008
8.7166667	-0.144653
8.7333334	-0.164627
8.7500000	-0.158271
8.7666667	-0.147276
8.7833334	-0.135373
8.8000000	-0.154539
8.8166667	-0.146368
8.8333333	-0.141829
8.8500000	-0.150605
8.8666667	-0.131842
8.8833334	-0.153228
8.9000000	-0.137189
8.9166667	-0.107532
8.9333333	-0.088467
8.9500000	-0.010794
8.9666667	0.009079
8.9833334	-0.063248
9.0000000	-0.163719
9.0166667	-0.153530
9.0333334	-0.152118
9.0500000	-0.147074
9.0666667	-0.137491
9.0833333	0.381708
9.1000000	0.635708
9.1166667	0.057498
9.1333334	-0.085138
9.1500000	-0.107330
9.1666667	-0.118325
9.1833334	-0.104909
9.2000000	-0.093006
9.2166667	-0.109751
9.2333333	-0.097243
9.2500000	-0.075958
9.2666667	-0.053867
9.2833334	-0.038837
9.3000000	-0.000706
9.3166667	0.076563
9.3333333	0.123773
9.3500000	0.178345
9.3666667	0.204573
9.3833333	0.187021
9.4000000	0.089475
9.4166667	0.014324
9.4333333	-0.071721
9.4500000	-0.111970
9.4666667	-0.136987
9.4833334	-0.118830
9.5000000	-0.133356
9.5166667	-0.124479
9.5333334	-0.124579
9.5500000	-0.141728
9.5666667	-0.143645
9.5833334	-0.135777
9.6000000	-0.153631
9.6166667	-0.144956
9.6333333	-0.152219
9.6500000	-0.149798
9.6666667	-0.147982
9.6833333	-0.146873
9.7000000	-0.168359
9.7166667	-0.189643
9.7333333	-0.169670
9.7500000	-0.167854
9.7666667	-0.162306
9.7833334	-0.167451
9.8000000	-0.188735
9.8166667	-0.174512
9.8333333	-0.169065
9.8500000	-0.164021
9.8666668	-0.160289
9.8833333	-0.164021
9.9000000	-0.160692
9.9166667	-0.169973
9.9333333	-0.186012
9.9500000	-0.180262
9.9666667	-0.135474
9.9833334	-0.076362
10.0000000	-0.003228
10.0166667	-0.079993
10.0333333	-0.094418
10.0500000	-0.163416
10.0666667	-0.191358
10.0833334	-0.183994
10.1000001	-0.183793
10.1166667	-0.105212
10.1333333	0.621384
10.1500000	0.463718
10.1666667	-0.055380
10.1833334	-0.100672
10.2000000	-0.157565
10.2166667	-0.151513
10.2333333	-0.153833
10.2500000	-0.145259
10.2666667	-0.126597
10.2833334	-0.106220
10.3000000	-0.102589
10.3166667	-0.093208
10.3333334	-0.043678
10.3500000	-0.013517
10.3666667	0.026026
10.3833333	0.090484
10.4000000	0.141627
10.4166667	0.192266
10.4333334	0.121150
10.4500000	0.027438
10.4666667	-0.036516
10.4833334	-0.089274
10.5000001	-0.109448
10.5166667	-0.142333
10.5333333	-0.121049
10.5500000	-0.112071
10.5666667	-0.103799
10.5833333	-0.117216
10.6000000	-0.104001
10.6166667	-0.100672
10.6333333	-0.085239
10.6500000	-0.119536
10.6666667	-0.114189
10.6833333	-0.130531
10.7000000	-0.119334
10.7166667	-0.145864
10.7333334	-0.147074
10.7500000	-0.134869
10.7666667	-0.146066
10.7833333	-0.147781
10.8000000	-0.154136
10.8166667	-0.140820
10.8333334	-0.138197
10.8500000	-0.155447
10.8666667	-0.129119
10.8833333	-0.148184
10.9000000	-0.131035
10.9166667	-0.144351
10.9333334	-0.122461
10.9500000	-0.152320
10.9666667	-0.137996
10.9833333	-0.129421
11.0000000	-0.124680
11.0166667	-0.053968
11.0333333	0.024210
11.0500000	0.000303
11.0666667	-0.056489
11.0833334	-0.156254
11.1000000	-0.140316
11.1166667	-0.162508
11.1333334	-0.160087
11.1500000	-0.183793
11.1666667	0.382918
11.1833333	0.810221
11.2000001	0.074849
11.2166667	-0.055582
11.2333333	-0.130733
11.2500000	-0.125588
11.2666667	-0.119536
11.2833334	-0.119536
11.3000000	-0.091795
11.3166667	-0.110659
11.3333334	-0.096335
11.3500000	-0.091392
11.3666667	-0.055279
11.3833334	-0.008272
11.4000000	0.028144
11.4166667	0.076664
11.4333333	0.147680
11.4500000	0.194183
11.4666667	0.194183
11.4833334	0.077976
11.5000000	-0.011802
11.5166667	-0.053161
11.5333334	-0.084331
11.5500000	-0.080901
11.5666667	-0.080598
11.5833334	-0.071621
11.6000000	-0.067989
11.6166667	-0.077169
11.6333333	-0.089475
11.6500000	-0.097747
11.6666667	-0.100874
11.6833333	-0.104707
11.7000000	-0.109751
11.7166667	-0.106826
11.7333334	-0.112878
11.7500000	-0.108137
11.7666667	-0.095326
11.7833334	-0.131540
11.8000000	-0.129421
11.8166667	-0.114896
11.8333333	-0.136382
11.8500000	-0.128312
11.8666667	-0.123369
11.8833333	-0.138500
11.9000000	-0.147175
11.9166667	-0.145360
11.9333333	-0.160188
11.9500000	-0.143947
11.9666667	-0.153934
11.9833334	-0.139307
12.0000000	-0.133154
12.0166667	-0.134768
12.0333333	-0.144956
12.0500000	-0.131338
12.0666667	-0.051849
12.0833333	-0.004237
12.1000000	-0.082414
12.1166667	-0.174310
12.1333334	-0.186314
12.1500000	-0.195696
12.1666667	-0.196200
12.1833334	-0.203766
12.2000000	-0.077673
12.2166667	0.719232
12.2333334	0.252387
12.2500000	-0.091190
12.2666667	-0.152622
12.2833334	-0.177438
12.3000000	-0.205380
12.3166667	-0.180968
12.3333334	-0.191560
12.3500000	-0.176933
12.3666667	-0.160390
12.3833334	-0.148285
12.4000000	-0.106321
12.4166667	-0.081910
12.4333333	-0.023806
12.4500000	0.026732
12.4666667	0.079993
12.4833333	0.144553
12.5000000	0.172797
12.5166667	0.084028
12.5333334	-0.001816
12.5500000	-0.099563
12.5666667	-0.103194
12.5833334	-0.116510
12.6000000	-0.105918
12.6166667	-0.115198
12.6333333	-0.089576
12.6500000	-0.098655
12.6666667	-0.092401
12.6833334	-0.098352
12.7000001	-0.071520
12.7166667	-0.097747
12.7333333	-0.079085
12.7500000	-0.079287
12.7666667	-0.078480
12.7833333	-0.060524
12.8000000	-0.053968
12.8166667	-0.040551
12.8333333	0.010188
12.8500000	0.027639
12.8666667	0.079993
12.8833333	0.113181
12.9000000	0.104808
12.9166668	0.125386
12.9333333	0.132549
12.9500000	0.155346
12.9666667	0.168762
12.9833334	0.150504
13.0000000	0.191358
13.0166667	0.219704
13.0333333	0.292232
13.0500000	0.356086
13.0666667	0.280632
13.0833333	0.201244
13.1000000	0.209314
13.1166667	0.198621
13.1333333	0.187727
13.1500000	0.191358
13.1666667	0.391896
13.1833333	0.812339
13.2000000	0.727504
13.2166667	0.356489
13.2333334	0.311297
13.2500000	0.294351
13.2666667	0.285877
13.2833333	0.272764
13.3000000	0.301008
13.3166667	0.321990
13.3333333	0.329455
13.3500000	0.343678
13.3666667	0.380800
13.3833333	0.393712
13.4000000	0.464021
13.4166667	0.500033
13.4333333	0.546132
13.4500001	0.596872
13.4666667	0.615130
13.4833334	0.499629
13.5000000	0.423671
13.5166667	0.390181
13.5333334	0.343981
13.5500000	0.306052
13.5666667	0.333591
13.5833333	0.320073
13.6000000	0.323301
13.6166667	0.344586
13.6333334	0.326025
13.6500000	0.326933
13.6666667	0.330564
13.6833333	0.324815
13.7000000	0.317148
13.7166667	0.313012
13.7333333	0.321486
13.7500000	0.318258
13.7666667	0.288903
13.7833334	0.304438
13.8000000	0.291425
13.8166667	0.305245
13.8333333	0.319266
13.8500000	0.319771
13.8666667	0.292737
13.8833334	0.306657
13.9000000	0.302320
13.9166667	0.318863
13.9333333	0.314525
13.9500000	0.299697
13.9666667	0.280531
13.9833333	0.290517
14.0000000	0.290517
14.0166667	0.297881
14.0333333	0.288903
14.0500000	0.257834
14.0666667	0.326529
14.0833334	0.329858
14.1000000	0.361936
14.1166667	0.311600
14.1333333	0.256321
14.1500000	0.153026
14.1666667	0.140316
14.1833334	0.169569
14.2000000	0.172293
14.2166667	0.169267
14.2333333	0.809212
14.2500000	0.809212
14.2666667	0.301714
14.2833334	0.213046
14.3000000	0.146066
14.3166667	0.152320
14.3333333	0.138197
14.3500000	0.154539
14.3666667	0.150101
14.3833334	0.145158
14.4000000	0.168056
14.4166667	0.175117
14.4333333	0.200941
14.4500001	0.232515
14.4666667	0.287794
14.4833334	0.319266
14.5000000	0.389071
14.5166667	0.421048
14.5333333	0.361533
14.5500000	0.285776
14.5666667	0.196906
14.5833334	0.158877
14.6000000	0.146368
14.6166667	0.131943
14.6333334	0.098050
14.6500000	0.095124
14.6666667	0.097646
14.6833333	0.092905
14.7000000	0.095124
14.7166667	0.068494
14.7333334	0.066476
14.7500000	0.066980
14.7666667	0.038130
14.7833334	0.038837
14.8000000	0.022495
14.8166667	0.008877
14.8333334	0.020377
14.8500000	0.036920
14.8666667	0.003833
14.8833334	0.021587
14.9000000	0.012408
14.9166667	0.007061
14.9333333	0.016846
14.9500000	0.017451
14.9666667	-0.009180
14.9833333	0.004640
15.0000000	-0.029052
15.0166667	-0.010693
15.0333334	-0.026227
15.0500000	-0.046906
15.0666667	-0.057700
15.0833333	-0.075756
15.1000000	-0.064862
15.1166667	-0.060726
15.1333333	-0.079691
15.1500000	-0.066173
15.1666667	-0.072831
15.1833334	-0.087660
15.2000001	-0.109549
15.2166667	-0.095629
15.2333333	0.014324
15.2500000	0.021385
15.2666667	-0.021789
15.2833334	-0.137391
15.3000000	-0.126597
15.3166667	-0.161197
15.3333333	-0.161298
15.3500000	-0.158372
15.3666667	0.375756
15.3833333	0.659616
15.4000000	0.064156
15.4166667	-0.073134
15.4333333	-0.149899
15.4500000	-0.115602
15.4666667	-0.149596
15.4833333	-0.152522
15.5000000	-0.182279
15.5166667	-0.141728
15.5333334	-0.137895
15.5500000	-0.110760
15.5666667	-0.098857
15.5833333	-0.054371
15.6000000	-0.002320
15.6166667	0.079186
15.6333333	0.132750
15.6500000	0.182582
15.6666667	0.143645
15.6833334	0.039341
15.7000000	-0.048319
15.7166667	-0.112172
15.7333334	-0.133053
15.7500000	-0.141829
15.7666667	-0.134062
15.7833334	-0.107532
15.8000000	-0.104203
15.8166667	-0.126698
15.8333333	-0.146671
15.8500000	-0.148285
15.8666667	-0.169468
15.8833334	-0.175218
15.9000000	-0.185306
15.9166667	-0.177135
15.9333333	-0.209616
15.9500000	-0.193174
15.9666667	-0.200437
15.9833333	-0.231607
16.0000000	-0.232616
16.0166667	-0.254909
16.0333333	-0.268325
16.0500001	-0.244922
16.0666667	-0.243207
16.0833334	-0.234633
16.1000000	-0.248957
16.1166667	-0.254203
16.1333334	-0.241190
16.1500000	-0.266913
16.1666667	-0.249764
16.1833333	-0.242804
16.2000000	-0.264290
16.2166667	-0.248655
16.2333333	-0.212441
16.2500000	-0.185205
16.2666667	-0.109348
16.2833333	-0.163618
16.3000000	-0.202253
16.3166667	-0.300100
16.3333333	-0.281136
16.3500001	-0.271250
16.3666667	-0.297478
16.3833333	-0.272259
16.4000000	0.349024
16.4166667	0.543106
16.4333333	-0.115198
16.4500000	-0.211836
16.4666667	-0.248049
16.4833334	-0.273671
16.5000000	-0.265198
16.5166667	-0.262071
16.5333334	-0.239374
16.5500000	-0.230598
16.5666667	-0.222730
16.5833333	-0.205279
16.6000000	-0.189643
16.6166667	-0.152522
16.6333333	-0.098756
16.6500000	-0.033087
16.6666667	0.024311
16.6833334	0.059213
16.7000000	0.029758
16.7166668	-0.052656
16.7333333	-0.183793
16.7500000	-0.180766
16.7666667	-0.191762
16.7833334	-0.210222
16.8000000	-0.201143
16.8166667	-0.185507
16.8333333	-0.203160
16.8500000	-0.196805
16.8666667	-0.193779
16.8833334	-0.191257
16.9000000	-0.184095
16.9166667	-0.215064
16.9333333	-0.202757
16.9500000	-0.197713
16.9666667	-0.201748
16.9833334	-0.189542
17.0000000	-0.175420
17.0166667	-0.219704
17.0333333	-0.213450
17.0500000	-0.215669
17.0666667	-0.193779
17.0833334	-0.204674
17.1000000	-0.181573
17.1166667	-0.197007
17.1333334	-0.203967
17.1500000	-0.192871
17.1666667	-0.201849
17.1833333	-0.218292
17.2000000	-0.196805
17.2166667	-0.189845
17.2333334	-0.189341
17.2500000	-0.177841
17.2666667	-0.193779
17.2833333	-0.171990
17.3000000	-0.198924
17.3166667	-0.175319
17.3333334	-0.170477
17.3500000	-0.100269
17.3666667	-0.011701
17.3833333	-0.082414
17.4000000	-0.112374
17.4166667	-0.199226
17.4333334	-0.199630
17.4500000	-0.205481
17.4666667	-0.185507
17.4833334	-0.117619
17.5000000	0.641156
17.5166667	0.500941
17.5333333	-0.070107
17.5500000	-0.147781
17.5666667	-0.193981
17.5833334	-0.207095
17.6000000	-0.204371
17.6166667	-0.185810
17.6333333	-0.166947
17.6500000	-0.183187
17.6666667	-0.172091
17.6833333	-0.134869
17.7000000	-0.111062
17.7166667	-0.081002
17.7333333	-0.018258
17.7500000	0.034902
17.7666667	0.092300
17.7833333	0.123066
17.8000000	0.087155
17.8166667	-0.012408
17.8333333	-0.101580
17.8500000	-0.131943
17.8666667	-0.162206
17.8833334	-0.153429
17.9000000	-0.170175
17.9166667	-0.175622
17.9333333	-0.159785
17.9500000	-0.140719
17.9666667	-0.129421
17.9833333	-0.134263
18.0000000	-0.154136
18.0166667	-0.149697
18.0333334	-0.156557
18.0500000	-0.148184
18.0666667	-0.159885
18.0833334	-0.175622
18.1000000	-0.168157
18.1166667	-0.156153
18.1333333	-0.172596
18.1500000	-0.157767
18.1666668	-0.174109
18.1833333	-0.175622
18.2000000	-0.185709
18.2166667	-0.187222
18.2333334	-0.182179
18.2500000	-0.184499
18.2666667	-0.220006
18.2833333	-0.194687
18.3000000	-0.173604
18.3166667	-0.191560
18.3333334	-0.189946
18.3500000	-0.187828
18.3666667	-0.188635
18.3833350	-0.171990
18.4000000	-0.125891
18.4166667	-0.035407
18.4333334	-0.080397
18.4500000	-0.153934
18.4666667	-0.217585
18.4833334	-0.188735
18.5000000	-0.208305
18.5166667	-0.195595
18.5333334	-0.112878
18.5500000	0.570544
18.5666667	0.256926
18.5833334	-0.059717
18.6000000	-0.146974
18.6166667	-0.184600
18.6333333	-0.180565
18.6500000	-0.176731
18.6666667	-0.155649
18.6833334	-0.163618
18.7000000	-0.168359
18.7166667	-0.135070
18.7333333	-0.097041
18.7500000	-0.095225
18.7666667	-0.048823
18.7833334	-0.015837
18.8000000	0.060827
18.8166667	0.105010
18.8333333	0.122966
18.8500000	0.071721
18.8666667	-0.044889
18.8833333	-0.135676
18.9000000	-0.172696
18.9166667	-0.191156
18.9333334	-0.192972
18.9500000	-0.190450
18.9666667	-0.163820
18.9833333	-0.191257
19.0000000	-0.159280
19.0166667	-0.168762
19.0333334	-0.172394
19.0500000	-0.210524
19.0666667	-0.203362
19.0833333	-0.195897
19.1000000	-0.212441
19.1166667	-0.227471
19.1333333	-0.209415
19.1500000	-0.249058
19.1666667	-0.245023
19.1833334	-0.235037
19.2000000	-0.233927
19.2166667	-0.248049
19.2333333	-0.235944
19.2500000	-0.261163
19.2666667	-0.253698
19.2833334	-0.240080
19.3000000	-0.262373
19.3166667	-0.236550
19.3333333	-0.238265
19.3500000	-0.238668
19.3666667	-0.246133
19.3833333	-0.260255
19.4000000	-0.245326
19.4166667	-0.253698
19.4333334	-0.253497
19.4500000	-0.181674
19.4666667	-0.113483
19.4833333	-0.134465
19.5000000	-0.179959
19.5166667	-0.267720
19.5333334	-0.252992
19.5500000	-0.253093
19.5666667	-0.254909
19.5833333	-0.264189
19.6000000	0.328749
19.6166667	0.648217
19.6333334	-0.059415
19.6500000	-0.177639
19.6666667	-0.226462
19.6833333	-0.243308
19.7000000	-0.230901
19.7166667	-0.240786
19.7333333	-0.238567
19.7500000	-0.236751
19.7666667	-0.216879
19.7833333	-0.187828
19.8000001	-0.182481
19.8166667	-0.131338
19.8333333	-0.079388
19.8500000	-0.044889
19.8666667	-0.005346
19.8833333	0.035810
19.9000000	0.022495
19.9166667	-0.100269
19.9333333	-0.189038
19.9500000	-0.245023
19.9666667	-0.258641
19.9833334	-0.288298
20.0000000	-0.272764
20.0166667	-0.281338
20.0333333	-0.299798
20.0500000	-0.266711
20.0666667	-0.271654
20.0833333	-0.249966
20.1000000	-0.241997
20.1166667	-0.266509
20.1333334	-0.270948
20.1500000	-0.272965
20.1666667	-0.306758
20.1833334	-0.294855
20.2000000	-0.291829
20.2166667	-0.258238
20.2333333	-0.267417
20.2500000	-0.276092
20.2666667	-0.264492
20.2833334	-0.261365
20.3000000	-0.258641
20.3166667	-0.261163
20.3333333	-0.261667
20.3500000	-0.175521
20.3666667	-0.160894
20.3833334	-0.146570
20.4000000	-0.162609
20.4166667	-0.165030
20.4333334	-0.138904
20.4500000	-0.146974
20.4666667	-0.155850
20.4833333	-0.126496
20.5000000	-0.056590
20.5166667	0.029758
20.5333334	-0.024210
20.5500000	-0.044586
20.5666667	-0.064358
20.5833333	-0.048420
20.6000000	-0.010491
20.6166667	-0.021688
20.6333334	0.069906
20.6500000	0.805984
20.6666667	0.646603
20.6833334	0.118628
20.7000000	0.052253
20.7166667	0.041560
20.7333333	0.031170
20.7500000	0.049327
20.7666667	0.038937
20.7833333	0.090988
20.8000000	0.087760
20.8166667	0.083826
20.8333334	0.136180
20.8500000	0.188332
20.8666667	0.217585
20.8833334	0.269031
20.9000000	0.343275
20.9166667	0.377471
20.9333334	0.419132
20.9500000	0.365366
20.9666667	0.277202
20.9833333	0.193678
21.0000000	0.136886
21.0166667	0.130128
21.0333333	0.130128
21.0500000	0.137794
21.0666667	0.141325
21.0833334	0.156758
21.1000000	0.126799
21.1166667	0.114593
21.1333334	0.111163
21.1500000	0.136483
21.1666667	0.130632
21.1833334	0.121251
21.2000000	0.104001
21.2166667	0.116409
21.2333333	0.111264
21.2500000	0.096436
21.2666667	0.117317
21.2833333	0.091493
21.3000000	0.100773
21.3166667	0.110558
21.3333334	0.090988
21.3500000	0.077774
21.3666667	0.060323
21.3833334	0.066880
21.4000000	0.070107
21.4166667	0.060424
21.4333333	0.065467
21.4500000	0.050336
21.4666667	0.066375
21.4833333	0.099361
21.5000000	0.049731
21.5166667	0.075958
21.5333333	0.191156
21.5500000	0.199630
21.5666667	0.120545
21.5833333	0.046200
21.6000000	0.009886
21.6166667	0.015736
21.6333334	0.020780
21.6500000	0.005044
21.6666667	0.203060
21.6833334	0.812339
21.7000000	0.363147
21.7166667	0.102791
21.7333334	0.051648
21.7500000	0.022091
21.7666667	0.019872
21.7833334	0.035609
21.8000000	0.056288
21.8166667	0.037929
21.8333333	0.062441
21.8500000	0.065669
21.8666667	0.085844
21.8833333	0.124983
21.9000000	0.187828
21.9166667	0.197814
21.9333333	0.261970
21.9500000	0.300403
21.9666667	0.303833
21.9833334	0.228076
22.0000000	0.112878
22.0166667	0.011601
22.0333333	-0.000303
22.0500000	-0.039543
22.0666667	-0.016947
22.0833333	-0.010995
22.1000000	-0.001311
22.1166667	-0.007364
22.1333333	0.009482
22.1500001	0.003732
22.1666667	0.022596
22.1833334	0.016140
22.2000000	-0.031372
22.2166667	-0.016846
22.2333334	-0.055985
22.2500000	-0.031775
22.2666667	-0.043376
22.2833333	-0.042064
22.3000000	-0.060424
22.3166667	-0.054876
22.3333333	-0.040854
22.3500000	-0.079489
22.3666667	-0.067989
22.3833334	-0.060726
22.4000000	-0.047613
22.4166667	-0.044788
22.4333333	-0.023705
22.4500000	-0.046301
22.4666667	-0.006859
22.4833334	0.087155
22.5000000	0.086247
22.5166667	0.020679
22.5333333	-0.039845
22.5500000	-0.090484
22.5666667	-0.065266
22.5833333	-0.062340
22.6000000	-0.067989
22.6166667	0.148184
22.6333334	0.818593
22.6500000	0.389071
22.6666667	0.014728
22.6833333	-0.018662
22.7000000	-0.057902
22.7166667	-0.096738
22.7333334	-0.078177
22.7500000	-0.096940
22.7666667	-0.066073
22.7833334	-0.047713
22.8000000	-0.024714
22.8166667	0.002925
22.8333334	0.003934
22.8500000	0.046301
22.8666667	0.090081
22.8833333	0.158171
22.9000000	0.197411
22.9166667	0.183793
22.9333334	0.095023
22.9500000	-0.001210
22.9666667	-0.064156
22.9833334	-0.067182
23.0000000	-0.109146
23.0166667	-0.111668
23.0333334	-0.098050
23.0500000	-0.075151
23.0666667	-0.072730
23.0833333	-0.060524
23.1000000	-0.063752
23.1166667	-0.110457
23.1333333	-0.103194
23.1500000	-0.097041
23.1666667	-0.116409
23.1833333	-0.126294
23.2000000	-0.102892
23.2166667	-0.114593
23.2333334	-0.115198
23.2500000	-0.127707
23.2666667	-0.109852
23.2833334	-0.065366
23.3000000	-0.130329
23.3166667	-0.104606
23.3333334	-0.135676
23.3500000	-0.149697
23.3666667	-0.143947
23.3833334	-0.110356
23.4000000	-0.106826
23.4166667	-0.158070
23.4333334	-0.143746
23.4500000	-0.102286
23.4666667	-0.119233
23.4833333	-0.165736
23.5000000	-0.155346
23.5166667	0.020679
23.5333333	0.009583
23.5500000	-0.005245
23.5666667	-0.049327
