# PteroDAQ recording
# 13:38:03, 18 Feb 2015
# Recording every 0.016666666666666666 sec (60.0 Hz)
# Analog reference is Power
# Averaging 32 readings together
# Scale: 0 to 3.3107 volts
# Recording channels:
#   RA-LA : Diff/PTE20-PTE21
# Notes:
#   Kevin Karplus in class
#   gain=1508
#   3.3v power supply
#   
0.0000000	-0.046174
0.0166666	-0.195810
0.0333333	-0.148120
0.0500000	-0.216725
0.0666666	-0.305132
0.0833333	-0.365653
0.1000000	-0.259463
0.1166667	-0.201771
0.1333333	0.500033
0.1500000	0.482654
0.1666667	-0.159538
0.1833333	-0.228748
0.2000000	-0.202377
0.2166667	-0.244308
0.2333333	-0.258453
0.2500000	-0.213896
0.2666667	-0.201367
0.2833333	-0.216118
0.3000000	-0.221473
0.3166666	-0.180958
0.3333333	-0.114172
0.3500000	-0.063350
0.3666667	-0.020005
0.3833333	0.025663
0.4000000	0.043951
0.4166666	0.205813
0.4333333	0.039910
0.4500000	0.003334
0.4666667	-0.059915
0.4833333	-0.025461
0.5000000	-0.129024
0.5166667	-0.336252
0.5333333	-0.218139
0.5500000	-0.192375
0.5666666	-0.211067
0.5833333	-0.075172
0.6000000	-0.084467
0.6166666	-0.440623
0.6333333	-0.300485
0.6500000	-0.232588
0.6666666	-0.198639
0.6833333	-0.205813
0.7000000	-0.201973
0.7166667	-0.194395
0.7333333	-0.172875
0.7500000	-0.201367
0.7666666	-0.196214
0.7833333	-0.223393
0.8000000	-0.148222
0.8166667	-0.136602
0.8333333	-0.235720
0.8500000	-0.177421
0.8666666	-0.145089
0.8833333	-0.158426
0.9000000	-0.121851
0.9166667	-0.142968
0.9333333	-0.076586
0.9500000	-0.034555
0.9666666	-0.187424
0.9833333	-0.157921
1.0000000	-0.122962
1.0166667	-0.127307
1.0333333	-0.075677
1.0500000	-0.042234
1.0666666	-0.022026
1.0833333	-0.013539
1.1000000	0.039404
1.1166666	-0.030412
1.1333333	-0.163478
1.1500000	-0.128923
1.1666667	-0.104169
1.1833333	-0.103967
1.2000000	0.032231
1.2166667	1.104134
1.2333333	0.382830
1.2500000	0.088205
1.2666667	-0.199346
1.2833333	-0.149131
1.3000000	-0.110434
1.3166666	-0.097905
1.3333333	-0.096187
1.3500000	-0.058804
1.3666667	-0.133167
1.3833334	-0.104877
1.4000000	-0.071231
1.4166666	-0.009902
1.4333333	0.005557
1.4500000	0.074161
1.4666667	0.106493
1.4833333	0.157113
1.5000000	0.171965
1.5166666	0.102452
1.5333333	0.026068
1.5500000	-0.088610
1.5666666	-0.113162
1.5833333	-0.114273
1.6000000	-0.100734
1.6166667	-0.078304
1.6333333	-0.112757
1.6500000	-0.143069
1.6666667	-0.119325
1.6833333	-0.089923
1.7000000	-0.174693
1.7166667	-0.130237
1.7333333	-0.165499
1.7500000	-0.148828
1.7666666	-0.136400
1.7833333	-0.135895
1.8000000	-0.104371
1.8166667	-0.199649
1.8333333	-0.171864
1.8500000	-0.153981
1.8666666	-0.166610
1.8833333	-0.151758
1.9000000	-0.152970
1.9166667	-0.154789
1.9333333	-0.168025
1.9500000	-0.120234
1.9666666	-0.162165
1.9833333	-0.158527
2.0000000	-0.138522
2.0166666	-0.152970
2.0333333	-0.142766
2.0500000	-0.134784
2.0666667	-0.127509
2.0833333	-0.115587
2.1000000	-0.115890
2.1166666	-0.108413
2.1333333	-0.060218
2.1500000	0.007780
2.1666666	-0.014852
2.1833333	-0.055267
2.2000000	-0.135188
2.2166666	-0.146100
2.2333333	-0.126094
2.2500000	-0.141553
2.2666666	-0.146706
2.2833333	0.631280
2.3000000	0.796981
2.3166666	0.045164
2.3333333	-0.078809
2.3500000	-0.109322
2.3666667	-0.103058
2.3833333	-0.057793
2.4000000	-0.130641
2.4166667	-0.081739
2.4333333	-0.080628
2.4500000	-0.045366
2.4666667	-0.027381
2.4833333	-0.015358
2.5000000	0.022329
2.5166666	0.037283
2.5333333	0.098107
2.5500000	0.146807
2.5666666	0.177926
2.5833333	0.155900
2.6000000	0.039708
2.6166667	-0.043244
2.6333333	-0.013640
2.6500000	-0.153172
2.6666666	-0.143675
2.6833333	-0.131449
2.7000000	-0.097299
2.7166666	-0.106796
2.7333333	-0.105786
2.7500000	-0.102856
2.7666667	-0.064462
2.7833333	-0.108009
2.8000000	-0.120032
2.8166666	-0.092954
2.8333334	-0.069008
2.8500000	-0.079516
2.8666666	-0.082952
2.8833333	-0.092752
2.9000024	-0.101340
2.9166666	-0.052741
2.9333333	-0.040011
2.9500000	-0.019601
2.9666666	-0.020308
2.9833333	-0.062239
3.0000000	-0.010205
3.0166666	-0.047791
3.0333333	-0.020106
3.0500000	0.027179
3.0666667	-0.016873
3.0833333	-0.033443
3.1000000	-0.010306
3.1166667	-0.023542
3.1333333	0.005557
3.1500000	0.005254
3.1666667	0.031018
3.1833333	0.107200
3.2000000	0.073555
3.2166666	0.095177
3.2333333	0.060420
3.2500000	-0.048397
3.2666667	-0.043648
3.2833333	-0.016570
3.3000000	-0.021218
3.3166666	0.043345
3.3333333	0.830020
3.3500000	0.552875
3.3666667	0.113061
3.3833333	0.039910
3.4000000	-0.046881
3.4166666	-0.017580
3.4333333	-0.025967
3.4500000	-0.004041
3.4666666	0.030715
3.4833333	0.021218
3.5000000	0.004345
3.5166667	0.014549
3.5333333	0.067190
3.5500000	0.129631
3.5666666	0.139229
3.5833333	0.168530
3.6000000	0.231981
3.6166667	0.272295
3.6333333	0.249057
3.6500000	0.141553
3.6666666	0.091034
3.6833333	0.039000
3.7000000	-0.019904
3.7166666	-0.013741
3.7333333	-0.037687
3.7500000	-0.022834
3.7666666	0.005052
3.7833333	-0.015459
3.8000000	-0.019096
3.8166666	-0.010508
3.8333333	-0.010912
3.8500000	-0.007982
3.8666667	-0.027078
3.8833333	0.003132
3.9000000	-0.010609
3.9166666	-0.059713
3.9333334	-0.031018
3.9500000	-0.049508
3.9666667	-0.060319
3.9833333	-0.006972
4.0000000	-0.055267
4.0166666	-0.024350
4.0333333	-0.055166
4.0500000	-0.025158
4.0666666	-0.044759
4.0833334	-0.030715
4.1000000	-0.040213
4.1166667	-0.011922
4.1333333	-0.001617
4.1500000	-0.034454
4.1666667	-0.043951
4.1833333	-0.008487
4.2000000	-0.035969
4.2166666	0.024047
4.2333333	-0.016065
4.2500000	0.062138
4.2666666	0.087902
4.2833333	0.069210
4.3000000	0.004244
4.3166667	-0.044658
4.3333333	-0.083659
4.3500000	-0.072343
4.3666667	-0.082952
4.3833333	-0.024552
4.4000000	0.952578
4.4166667	0.698874
4.4333333	0.050317
4.4500000	-0.049306
4.4666667	-0.084164
4.4833333	-0.058096
4.5000000	-0.086084
4.5166666	-0.099926
4.5333333	-0.070827
4.5500000	-0.069413
4.5666666	-0.050114
4.5833333	-0.061127
4.6000000	0.008083
4.6166667	0.027078
4.6333334	0.109019
4.6500000	0.136602
4.6666666	0.249562
4.6833333	0.209046
4.7000000	0.149535
4.7166667	0.076889
4.7333333	-0.006769
4.7500000	-0.036575
4.7666666	-0.041223
4.7833333	-0.055773
4.8000000	-0.091540
4.8166666	-0.100128
4.8333333	-0.081840
4.8500000	-0.043648
4.8666666	-0.041526
4.8833333	-0.050317
4.9000000	-0.014751
4.9166666	-0.046275
4.9333333	0.002223
4.9500000	-0.037283
4.9666666	0.022127
4.9833334	-0.020814
5.0000000	0.012529
5.0166667	0.013135
5.0333333	0.009801
5.0500000	0.009902
5.0666667	0.044355
5.0833333	0.041728
5.1000000	0.008285
5.1166666	0.046477
5.1333333	0.072444
5.1500000	0.073252
5.1666667	0.053449
5.1833333	0.062239
5.2000000	0.090327
5.2166666	0.081335
5.2333333	0.036676
5.2500000	0.066583
5.2666666	0.074363
5.2833333	0.108009
5.3000000	0.133167
5.3166667	0.188737
5.3333333	0.169641
5.3500000	0.126802
5.3666666	0.085781
5.3833333	0.040819
5.4000000	0.064967
5.4166666	0.065876
5.4333333	0.019096
5.4500000	0.431328
5.4666667	1.154248
5.4833333	0.407584
5.5000000	0.129125
5.5166666	0.072242
5.5333333	0.074161
5.5500000	0.035767
5.5666666	0.039101
5.5833333	0.082850
5.6000000	0.086892
5.6166667	0.079920
5.6333333	0.096996
5.6500000	0.094167
5.6666667	0.146706
5.6833333	0.216017
5.7000000	0.245217
5.7166667	0.266233
5.7333333	0.332917
5.7500000	0.329078
5.7666666	0.282904
5.7833333	0.179139
5.8000000	0.097400
5.8166666	0.031322
5.8333333	0.038192
5.8500000	0.053045
5.8666667	0.029402
5.8833333	-0.010407
5.9000000	0.068402
5.9166667	0.055975
5.9333333	0.069311
5.9500000	0.074464
5.9666667	0.038192
5.9833334	0.056783
6.0000000	0.042739
6.0166666	0.054863
6.0333333	0.027280
6.0500000	0.018995
6.0666667	0.009396
6.0833333	0.034454
6.1000000	0.035868
6.1166666	-0.005658
6.1333333	0.008184
6.1500000	-0.014347
6.1666667	0.023239
6.1833333	-0.008386
6.2000000	-0.007275
6.2166667	0.037788
6.2333333	-0.038596
6.2500000	0.006466
6.2666667	0.000909
6.2833333	-0.023845
6.3000000	-0.009093
6.3166666	-0.000202
6.3333333	-0.035565
6.3500000	0.015661
6.3666666	-0.057793
6.3833333	0.015156
6.4000000	0.033140
6.4166666	0.081032
6.4333333	0.051327
6.4500000	0.023441
6.4666666	-0.068503
6.4833333	-0.110939
6.5000000	-0.067190
6.5166667	-0.053550
6.5333333	-0.081739
6.5500000	0.381415
6.5666666	1.130505
6.5833333	0.272497
6.6000000	-0.016570
6.6166667	-0.073858
6.6333333	-0.130136
6.6500000	-0.098612
6.6666667	-0.093459
6.6833333	-0.051832
6.7000000	-0.064260
6.7166667	-0.105079
6.7333333	-0.061633
6.7500000	-0.075071
6.7666666	-0.029402
6.7833333	0.030917
6.8000000	0.111545
6.8166666	0.101946
6.8333333	0.165398
6.8500000	0.208137
6.8666667	0.124478
6.8833333	0.026068
6.9000000	-0.107301
6.9166666	-0.079516
6.9333333	-0.127206
6.9500000	-0.102856
6.9666666	-0.137916
6.9833333	-0.162468
7.0000000	-0.149333
7.0166666	-0.065270
7.0333333	-0.087195
7.0500000	-0.122457
7.0666666	-0.129125
7.0833334	-0.122558
7.1000000	-0.161356
7.1166666	-0.170652
7.1333333	-0.183686
7.1500000	-0.124276
7.1666666	-0.139936
7.1833333	-0.191667
7.2000000	-0.132359
7.2166666	-0.172167
7.2333333	-0.150343
7.2500000	-0.181059
7.2666666	-0.175603
7.2833333	-0.168833
7.3000000	-0.140442
7.3166667	-0.183079
7.3333333	-0.146100
7.3500000	-0.134278
7.3666666	-0.162367
7.3833333	-0.166913
7.4000000	-0.111747
7.4166667	-0.125892
7.4333333	-0.110333
7.4500000	-0.170349
7.4666666	-0.118112
7.4833333	-0.087700
7.5000000	-0.114677
7.5166666	-0.110838
7.5333334	0.011114
7.5500000	-0.066482
7.5666666	0.009902
7.5833333	-0.123771
7.6000000	-0.177017
7.6166666	-0.158123
7.6333333	-0.126701
7.6500000	-0.171561
7.6666666	0.158325
7.6833333	1.117067
7.7000000	0.375050
7.7166666	-0.082244
7.7333333	-0.130136
7.7500000	-0.169338
7.7666667	-0.104978
7.7833333	-0.132157
7.8000000	-0.121649
7.8166667	-0.100027
7.8333333	-0.133470
7.8500000	-0.067190
7.8666666	-0.086892
7.8833333	-0.021218
7.9000000	0.053348
7.9166666	0.048902
7.9333333	0.146201
7.9500000	0.170652
7.9666666	0.186110
7.9833333	0.148727
8.0000000	0.065876
8.0166666	-0.056884
8.0333334	-0.098410
8.0500000	-0.085477
8.0666666	-0.100431
8.0833333	-0.090024
8.1000000	-0.119426
8.1166666	-0.097804
8.1333333	-0.064361
8.1500000	-0.104978
8.1666667	-0.089216
8.1833333	-0.115081
8.2000000	-0.088812
8.2166666	-0.089923
8.2333333	-0.038697
8.2500000	-0.127307
8.2666666	-0.112353
8.2833333	-0.088509
8.3000000	-0.088408
8.3166667	-0.114980
8.3333333	-0.079011
8.3500000	-0.059814
8.3666667	-0.071736
8.3833333	-0.030715
8.4000000	-0.098713
8.4166666	-0.118112
8.4333333	-0.078304
8.4500000	-0.049609
8.4666666	-0.076788
8.4833333	-0.100128
8.5000000	-0.088205
8.5166666	-0.101340
8.5333333	-0.113364
8.5500000	-0.044860
8.5666666	-0.079920
8.5833333	-0.083861
8.6000000	-0.125488
8.6166666	-0.096996
8.6333333	-0.035464
8.6500000	0.025360
8.6666666	0.023643
8.6833333	-0.008083
8.7000000	-0.166913
8.7166667	-0.215209
8.7333333	-0.155799
8.7500000	-0.143675
8.7666667	-0.209349
8.7833333	0.010407
8.8000000	1.045735
8.8166666	0.470227
8.8333333	-0.106998
8.8500000	-0.126802
8.8666667	-0.155900
8.8833333	-0.180351
8.9000000	-0.165297
8.9166666	-0.096895
8.9333333	-0.107301
8.9500000	-0.065371
8.9666667	-0.063653
8.9833333	-0.023643
9.0000000	-0.038293
9.0166667	0.014953
9.0333333	0.129429
9.0500000	0.200761
9.0666666	0.216927
9.0833333	0.235619
9.1000000	0.203691
9.1166666	0.097299
9.1333333	0.008386
9.1500000	-0.074161
9.1666666	-0.097198
9.1833333	-0.079314
9.2000000	-0.089115
9.2166667	-0.070625
9.2333333	-0.071231
9.2500000	-0.050923
9.2666667	-0.062037
9.2833333	-0.090327
9.3000000	-0.084164
9.3166666	-0.088306
9.3333333	-0.089519
9.3500000	-0.064260
9.3666666	-0.117607
9.3833333	-0.050215
9.4000000	-0.071130
9.4166666	-0.089216
9.4333333	-0.028695
9.4500000	-0.089317
9.4666667	-0.062138
9.4833333	-0.058703
9.5000000	-0.047690
9.5166666	-0.026573
9.5333333	-0.016570
9.5500000	0.001718
9.5666667	-0.040718
9.5833333	-0.042436
9.6000000	-0.006466
9.6166666	0.010710
9.6333333	0.010104
9.6500000	0.045164
9.6666666	0.034757
9.6833333	0.033443
9.7000000	0.008689
9.7166667	0.093560
9.7333333	0.124882
9.7500000	0.229455
9.7666666	0.138724
9.7833333	0.147514
9.8000000	0.050418
9.8166667	0.086690
9.8333333	0.100128
9.8500000	0.092449
9.8666666	0.055065
9.8833333	0.761214
9.9000000	1.066144
9.9166666	0.344436
9.9333333	0.204600
9.9500000	0.160548
9.9666666	0.171763
9.9833333	0.176613
10.0000000	0.199346
10.0166666	0.218948
10.0333333	0.210865
10.0500000	0.267142
10.0666666	0.293513
10.0833333	0.336050
10.1000000	0.359288
10.1166666	0.411019
10.1333333	0.470732
10.1500000	0.545601
10.1666666	0.551461
10.1833333	0.541357
10.2000000	0.475582
10.2166667	0.423952
10.2333334	0.358076
10.2500000	0.371514
10.2666666	0.313013
10.2833333	0.337868
10.3000000	0.359692
10.3166666	0.379091
10.3333333	0.383638
10.3500000	0.391822
10.3666667	0.345749
10.3833333	0.390812
10.4000000	0.365249
10.4166666	0.382527
10.4333333	0.399602
10.4500000	0.431934
10.4666667	0.363128
10.4833333	0.403340
10.5000000	0.368381
10.5166666	0.402229
10.5333333	0.398390
10.5500000	0.404351
10.5666667	0.389700
10.5833333	0.394045
10.6000000	0.453859
10.6166666	0.424154
10.6333333	0.401320
10.6500000	0.397783
10.6666666	0.415465
10.6833333	0.461942
10.7000000	0.485079
10.7166666	0.423548
10.7333333	0.492051
10.7500000	0.392125
10.7666666	0.348780
10.7833333	0.397783
10.8000000	0.373837
10.8166666	0.321197
10.8333333	0.451434
10.8500000	1.147782
10.8666666	0.858008
10.8833333	0.423346
10.9000000	0.347568
10.9166667	0.349589
10.9333333	0.344436
10.9500000	0.376464
10.9666666	0.367674
10.9833333	0.347063
11.0000000	0.351104
11.0166666	0.366260
11.0333333	0.408594
11.0500000	0.398996
11.0666666	0.468105
11.0833333	0.526808
11.1000000	0.534386
11.1166667	0.581570
11.1333333	0.588744
11.1500000	0.555603
11.1666666	0.458608
11.1833333	0.411928
11.2000000	0.358783
11.2166666	0.362117
11.2333333	0.328573
11.2500000	0.343627
11.2666666	0.327158
11.2833333	0.336252
11.3000000	0.309073
11.3166666	0.341304
11.3333334	0.400410
11.3500000	0.294725
11.3666666	0.241782
11.3833333	0.284622
11.4000000	0.279267
11.4166666	0.290785
11.4333333	0.324834
11.4500000	0.283712
11.4666666	0.281085
11.4833333	0.289876
11.5000000	0.250673
11.5166667	0.252795
11.5333333	0.250673
11.5500000	0.243601
11.5666666	0.291290
11.5833333	0.243803
11.6000000	0.234608
11.6166666	0.266536
11.6333333	0.273204
11.6500000	0.284116
11.6666667	0.244409
11.6833333	0.323117
11.7000000	0.293816
11.7166666	0.310184
11.7333333	0.300080
11.7500000	0.190758
11.7666667	0.206116
11.7833333	0.161659
11.8000000	0.194699
11.8166667	0.215310
11.8333333	0.970462
11.8500000	1.006431
11.8666666	0.268658
11.8833333	0.140341
11.9000000	0.160346
11.9166667	0.130641
11.9333333	0.095177
11.9500000	0.199649
11.9666666	0.147716
11.9833333	0.158426
12.0000000	0.265829
12.0166667	-0.101542
12.0333333	0.064866
12.0500000	0.183281
12.0666667	0.213694
12.0833333	0.278964
12.1000000	0.299474
12.1166666	0.338272
12.1333333	0.290179
12.1500000	0.174794
12.1666666	0.065977
12.1833333	0.127408
12.2000000	0.065270
12.2166666	0.056278
12.2333333	0.042132
12.2500000	0.074970
12.2666667	0.058703
12.2833333	0.085477
12.3000000	0.059814
12.3166666	0.072242
12.3333333	0.064462
12.3500000	0.075677
12.3666667	0.053146
12.3833333	0.021218
12.4000000	0.003233
12.4166666	-0.000505
12.4333334	-0.010710
12.4500000	-0.008992
12.4666666	0.011215
12.4833333	-0.026169
12.5000000	0.026775
12.5166666	-0.010205
12.5333333	-0.019500
12.5500000	0.015257
12.5666666	-0.014650
12.5833333	-0.030008
12.6000000	-0.013640
12.6166667	-0.024754
12.6333333	-0.026371
12.6500000	-0.046780
12.6666667	0.033645
12.6833333	-0.035565
12.7000000	-0.006567
12.7166667	-0.000404
12.7333333	0.105887
12.7500000	0.023946
12.7666666	-0.019702
12.7833333	-0.080325
12.8000000	-0.057894
12.8166667	-0.118112
12.8333333	-0.114374
12.8500000	-0.066179
12.8666666	0.699480
12.8833333	0.847904
12.9000000	0.122356
12.9166667	-0.075273
12.9333333	-0.130944
12.9500000	-0.069109
12.9666667	-0.057995
12.9833333	-0.123669
13.0000000	-0.070120
13.0166667	-0.099218
13.0333333	-0.072039
13.0500000	-0.021622
13.0666666	-0.059410
13.0833333	-0.038697
13.1000000	0.049710
13.1166666	0.082446
13.1333333	0.133672
13.1500000	0.186009
13.1666666	0.174087
13.1833333	0.066685
13.2000000	0.000000
13.2166667	-0.106897
13.2333333	-0.110737
13.2500000	-0.115081
13.2666666	-0.129732
13.2833333	-0.151556
13.3000000	-0.089216
13.3166666	-0.154183
13.3333333	-0.142867
13.3500000	-0.110333
13.3666667	-0.156911
13.3833333	-0.171359
13.4000000	-0.122760
13.4166666	-0.109524
13.4333333	-0.219453
13.4500000	-0.164590
13.4666667	-0.165903
13.4833333	-0.186009
13.5000000	-0.140037
13.5166666	-0.211067
13.5333333	-0.193991
13.5500000	-0.203388
13.5666666	-0.184393
13.5833333	-0.186818
13.6000000	-0.195406
13.6166666	-0.186414
13.6333333	-0.194699
13.6500000	-0.207631
13.6666667	-0.210662
13.6833333	-0.211269
13.7000000	-0.196012
13.7166666	-0.202883
13.7333333	-0.198740
13.7500000	-0.200155
13.7666666	-0.164286
13.7833333	-0.123872
13.8000000	-0.082749
13.8166667	-0.102654
13.8333333	-0.185706
13.8500000	-0.232992
13.8666666	-0.229556
13.8833338	-0.238448
13.9000000	-0.169338
13.9166667	-0.261181
13.9333333	0.347770
13.9500000	0.975918
13.9666667	0.123265
13.9833333	-0.027785
14.0000000	-0.093762
14.0166666	-0.025158
14.0333333	-0.089317
14.0500000	-0.033342
14.0666666	-0.044658
14.0833333	-0.013135
14.1000000	0.017176
14.1166666	0.070726
14.1333333	0.100027
14.1500000	0.108110
14.1666666	0.149535
14.1833333	0.261383
14.2000000	0.323723
14.2166666	0.326350
14.2333333	0.373029
14.2500000	0.313821
14.2666666	0.236730
14.2833334	0.241580
14.3000000	0.185201
14.3166666	0.184090
14.3333333	0.168833
14.3500000	0.193183
14.3666666	0.197123
14.3833333	0.179139
14.4000000	0.143372
14.4166667	0.234305
14.4333333	0.271386
14.4500000	0.141957
14.4666667	0.238751
14.4833333	0.173582
14.5000000	0.119830
14.5166666	0.247642
14.5333333	0.110636
14.5500000	0.180553
14.5666666	0.175704
14.5833333	0.274821
14.6000000	0.268355
14.6166666	0.068503
14.6333333	-0.100734
14.6500000	0.314023
14.6666666	0.278458
14.6833333	0.308972
14.7000000	0.693014
14.7166666	-0.262191
14.7333333	0.769297
14.7500000	0.333827
14.7666667	0.955407
14.7833333	0.093965
14.8000000	0.561666
14.8166667	0.820826
14.8333333	0.882054
14.8500000	0.394550
14.8666666	0.403744
14.8833333	0.710392
14.9000000	0.450424
14.9166666	0.212178
14.9333333	1.334499
14.9500000	1.444932
14.9666666	0.367674
14.9833333	0.387579
15.0000000	0.720395
15.0166667	-0.760406
15.0333333	0.258352
15.0500000	0.577124
15.0666666	0.546409
15.0833333	0.348174
15.1000000	0.919337
15.1166667	-0.454465
15.1333333	0.419506
15.1500000	0.464771
15.1666667	1.100194
15.1833333	0.066988
15.2000000	0.343829
15.2166666	0.290785
15.2333333	0.380809
15.2500000	0.162367
15.2666667	0.086892
15.2833333	0.357975
15.3000000	0.449817
15.3166666	0.045265
15.3333334	0.920347
15.3500000	-0.301596
15.3666667	-0.420820
15.3833333	0.044355
15.4000000	0.319176
15.4166666	-0.457092
15.4333333	-0.570860
15.4500000	0.688770
15.4666667	0.501245
15.4833334	0.278155
15.5000000	-0.294927
15.5166666	-0.198336
15.5333333	0.106089
15.5500000	-0.220059
15.5666667	0.297858
15.5833333	-0.483362
15.6000000	-0.223595
15.6166666	-1.427756
15.6333333	0.142766
15.6500000	0.137916
15.6666666	-0.488009
15.6833333	-0.712009
15.7000000	0.505590
15.7166666	-0.497507
15.7333333	-0.252391
15.7500000	-0.736561
15.7666666	-1.042400
15.7833333	0.257342
15.8000000	-0.945102
15.8166666	-0.772126
15.8333333	-0.878518
15.8500000	-0.477401
15.8666666	0.705138
15.8833333	-0.123568
15.9000000	-0.517916
15.9166667	-0.396066
15.9333333	-1.197593
15.9500000	-1.630336
15.9666666	-0.229860
15.9833333	-0.951164
16.0000000	-0.878821
16.0166667	-0.985314
16.0333333	-0.856593
16.0500000	-0.527212
16.0666667	-0.827595
16.0833333	-1.193653
16.1000000	-1.082209
16.1166666	-0.522867
16.1333333	-0.454162
16.1500000	-0.831940
16.1666667	-1.066548
16.1833333	-0.456385
16.2000000	-0.864070
16.2166666	-1.647007
16.2333333	-1.201029
16.2500000	-0.582479
16.2666666	-1.024214
16.2833333	-1.654686
16.3000000	-1.634276
16.3166667	-0.587430
16.3333333	-0.642798
16.3500000	-0.842549
16.3666667	-1.498886
16.3833333	-1.479386
16.4000000	-0.225818
16.4166666	-0.764245
16.4333333	-0.690690
16.4500000	-1.336621
16.4666667	-0.683819
16.4833333	-0.444867
16.5000000	-0.649063
16.5166666	-1.530814
16.5333333	-0.988143
16.5500000	-0.661288
16.5666666	-0.752929
16.5833333	-0.997641
16.6000000	-1.227601
16.6166666	-0.997035
16.6333333	-1.222853
16.6500000	-0.375353
16.6666666	-1.171223
16.6833333	-0.812541
16.7000000	-0.713423
16.7166667	-0.859422
16.7333333	-1.616089
16.7500000	-0.607132
16.7666666	-0.763033
16.7833333	-0.799002
16.8000000	0.096996
16.8166666	-0.396672
16.8333333	-0.438097
16.8500000	0.251785
16.8666666	-1.084937
16.8833333	-1.319848
16.9000000	-1.197290
16.9166666	-0.284420
16.9333333	-1.187995
16.9500000	-0.880135
16.9666667	-1.285395
16.9833333	-0.818603
17.0000000	-0.916003
17.0166666	-1.115854
17.0333333	-1.298530
17.0500000	-0.870738
17.0666667	-0.506802
17.0833333	-0.844266
17.1000000	-0.649972
17.1166666	-0.632897
17.1333334	-0.303010
17.1500000	-0.623702
17.1666667	-1.416238
17.1833333	-0.860533
17.2000000	-0.246531
17.2166666	-1.108782
17.2333333	-1.308633
17.2500000	-1.147984
17.2666667	-1.008654
17.2833333	-0.117809
17.3000000	-1.131414
17.3166666	-1.385421
17.3333333	-0.866798
17.3500000	-0.174895
17.3666667	-1.405225
17.3833334	-1.652362
17.4000000	-1.264480
17.4166666	-0.524484
17.4333333	-0.397682
17.4500000	-0.939646
17.4666667	-1.448570
17.4833333	-0.278155
17.5000000	-0.879225
17.5166666	-0.192173
17.5333333	-1.585273
17.5500000	-0.965309
17.5666666	-0.395763
17.5833333	-1.101406
17.6000000	-1.171829
17.6166666	-1.193249
17.6333333	-0.780512
17.6500000	0.253502
17.6666666	-1.133334
17.6833333	-1.617706
17.7000000	-0.698268
17.7166666	-0.105180
17.7333333	0.459012
17.7500000	-1.228814
17.7666666	-0.915599
17.7833333	-0.897917
17.8000000	-0.817290
17.8166667	-1.431697
17.8333333	-0.737773
17.8500000	-0.790818
17.8666666	-1.635792
17.8833333	-1.554255
17.9000000	-1.439779
17.9166666	-1.033408
17.9333333	-0.820018
17.9500000	-1.275998
17.9666666	-0.639565
17.9833333	-0.872355
18.0000000	-1.199210
18.0166667	-1.269936
18.0333333	-1.007543
18.0500000	-1.020879
18.0666667	-1.247506
18.0833333	-1.368144
18.1000000	-1.651755
18.1166666	-1.619221
18.1333333	-1.652766
18.1500000	-0.915094
18.1666667	-1.654483
18.1833333	-1.654281
18.2000000	-1.214669
18.2166667	-1.652362
18.2333333	-1.653069
18.2500000	-1.470192
18.2666666	-1.570522
18.2833333	-1.654888
18.3000000	-1.590426
18.3166666	-1.653372
18.3333333	-1.656504
18.3500000	-1.654686
18.3666666	-1.634175
18.3833333	-1.651351
18.4000000	-1.653776
18.4166666	-1.653978
18.4333333	-1.651856
18.4500000	-1.654180
18.4666667	-1.654281
18.4833333	-1.391585
18.5000000	-1.655191
18.5166666	-1.654989
18.5333333	-1.455541
18.5500000	-1.554861
18.5666666	-1.654483
18.5833334	-1.649937
18.6000000	-1.654686
18.6166667	-1.653473
18.6333333	-1.653069
18.6500000	-1.437355
18.6666666	-1.654787
18.6833333	-1.507777
18.7000000	-0.977332
18.7166666	-1.653473
18.7333333	-1.093727
18.7500000	-1.654989
18.7666666	-1.652564
18.7833333	-1.656706
18.8000000	-1.652867
18.8166667	-1.649230
18.8333333	-1.652362
18.8500000	-1.653776
18.8666666	-1.650947
18.8833333	-1.650038
18.9000000	-1.653069
18.9166666	-1.569814
18.9333333	-1.652766
18.9500000	-1.653069
18.9666667	-1.655393
18.9833333	-1.654686
19.0000000	-1.654382
19.0166667	-1.650139
19.0333333	-1.655191
19.0500000	-1.649836
19.0666667	-1.654079
19.0833333	-1.650543
19.1000000	-1.653877
19.1166666	-1.651452
19.1333333	-1.652968
19.1500000	-1.652160
19.1666667	-1.656706
19.1833333	-1.652564
19.2000000	-1.655595
19.2166666	-1.654584
19.2333333	-1.650947
19.2500000	-1.650543
19.2666667	-1.652665
19.2833333	-1.653776
19.3000000	-1.652059
19.3166666	-1.651958
19.3333333	-1.653675
19.3500011	-1.654382
19.3666667	-1.651755
19.3833333	-1.655191
19.4000000	-1.652867
19.4166667	-1.653675
19.4333333	-1.652160
19.4500000	-1.652968
19.4666667	-1.653372
19.4833333	-1.653675
19.5000000	-1.655191
19.5166666	-1.653271
19.5333333	-1.653473
19.5500000	-1.653877
19.5666666	-1.653372
19.5833333	-1.656504
19.6000000	-1.651452
19.6166667	-1.655595
19.6333333	-1.652463
19.6500000	-1.654686
19.6666666	-1.653978
19.6833333	-1.655595
19.7000000	-1.653069
19.7166667	-1.655090
19.7333333	-1.655999
19.7500000	-1.655292
19.7666666	-1.653170
19.7833333	-1.651351
19.8000000	-1.657616
19.8166666	-1.657009
19.8333333	-1.655292
19.8500000	-1.658323
19.8666667	-1.652968
19.8833333	-1.650442
19.9000000	-1.655494
19.9166666	-1.648421
19.9333333	-1.652766
19.9500000	-1.654180
19.9666666	-1.653776
19.9833333	-1.656403
20.0000000	-1.655090
20.0166666	-1.653776
20.0333333	-1.651755
20.0500000	-1.652261
20.0666666	-1.653776
20.0833334	-1.654180
20.1000000	-1.653170
20.1166666	-1.652160
20.1333333	-1.654787
20.1500000	-1.653877
20.1666667	-1.654079
20.1833333	-1.652059
20.2000000	-1.653574
20.2166666	-1.654584
20.2333333	-1.652766
20.2500000	-1.652867
20.2666667	-1.653776
20.2833333	-1.654382
20.3000000	-1.655797
20.3166666	-1.653069
20.3333333	-1.652463
20.3500000	-1.653372
20.3666667	-1.649836
20.3833333	-1.652766
20.4000000	-1.654180
20.4166666	-1.643976
20.4333333	-1.415227
20.4500000	-1.229925
20.4666667	-1.356525
20.4833333	-1.172334
20.5000000	-1.162938
20.5166666	-0.929340
20.5333333	-0.839417
20.5500000	-0.855482
20.5666666	0.531354
20.5833333	0.461437
20.6000000	-0.370099
20.6166667	-0.387174
20.6333333	-0.365755
20.6500000	-0.274821
20.6666666	-0.271588
20.6833333	-0.251380
20.7000000	-0.207530
20.7166667	0.057793
20.7333333	0.043042
20.7500000	-0.112757
20.7666666	0.091237
20.7833333	0.172268
20.8000000	0.148019
20.8166667	0.161154
20.8333333	0.250471
20.8500000	0.381819
20.8666666	0.396167
20.8833333	0.473763
20.9000000	0.138825
20.9166666	0.099623
20.9333333	0.126397
20.9500000	0.201064
20.9666667	0.210460
20.9833333	0.334635
21.0000000	0.164590
21.0166666	0.089519
21.0333333	0.256129
21.0500000	0.321601
21.0666666	0.256735
21.0833333	0.253603
21.1000000	0.256735
21.1166666	0.397783
21.1333333	0.151354
21.1500000	0.197123
21.1666666	0.303415
21.1833333	0.330189
21.2000000	0.297049
21.2166666	0.271992
21.2333333	0.342516
21.2500000	0.370806
21.2666667	0.364239
21.2833333	0.417890
21.3000000	0.480937
21.3166667	0.419304
21.3333333	0.429004
21.3500000	0.500538
21.3666667	0.606324
21.3833333	0.594301
21.4000000	0.587834
21.4166667	0.458406
21.4333333	0.521655
21.4500000	0.542064
21.4666667	0.644920
21.4833333	0.464973
21.5000000	0.866394
21.5166666	1.618918
21.5333333	0.976726
21.5500000	0.715545
21.5666666	0.711706
21.5833333	0.663107
21.6000000	0.677353
21.6166666	0.660480
21.6333333	0.703219
21.6500000	0.697662
21.6666667	0.736157
21.6833333	0.777885
21.7000000	0.900443
21.7166667	0.848813
21.7333333	0.867505
21.7500000	0.985011
21.7666666	1.019970
21.7833333	1.105448
21.8000000	1.084331
21.8166667	1.043512
21.8333333	0.978747
21.8500000	0.898422
21.8666666	0.970967
21.8833333	0.851541
21.9000000	0.980465
21.9166667	0.954801
21.9333333	0.876194
21.9500000	0.904586
21.9666666	0.969957
21.9833333	1.010271
22.0000000	1.008856
22.0166666	1.029266
22.0333333	1.057152
22.0500000	1.053818
22.0666667	1.087160
22.0833333	1.094637
22.1000000	1.089383
22.1166667	1.104942
22.1333333	1.141821
22.1500000	1.101305
22.1666667	1.063618
22.1833333	1.087766
22.2000000	1.090191
22.2166666	1.094030
22.2333333	1.157280
22.2500000	1.166878
22.2666667	1.253265
22.2833333	1.203656
22.3000000	1.151622
22.3166667	1.082714
22.3333333	1.091706
22.3500000	1.065336
22.3666666	1.075642
22.3833333	1.093020
22.4000000	1.528894
22.4166666	1.618918
22.4333333	1.321364
22.4500000	1.156471
22.4666667	1.091201
22.4833333	1.101305
22.5000000	1.094232
22.5166666	1.072610
22.5333333	1.084735
22.5500000	1.092717
22.5666666	1.135355
22.5833333	1.134344
22.6000000	1.192036
22.6166666	1.174961
22.6333333	1.207697
22.6500000	1.249931
22.6666666	1.280444
22.6833333	1.318737
22.7000000	1.318434
22.7166666	1.267006
22.7333333	1.141316
22.7500000	1.100901
22.7666667	1.085442
22.7833333	1.099183
22.8000000	1.070489
22.8166666	1.081603
22.8333333	1.105549
22.8500000	1.098981
22.8666667	1.103528
22.8833333	1.110297
22.9000000	1.064426
22.9166666	1.087564
22.9333333	1.068468
22.9500000	1.047452
22.9666667	1.055030
22.9833333	1.061496
23.0000000	1.046846
23.0166666	1.058061
23.0333333	1.048058
23.0500000	1.032196
23.0666667	1.053211
23.0833333	1.027245
23.1000000	1.031892
23.1166666	1.045027
23.1333333	1.071903
23.1500000	1.059779
23.1666666	1.109893
23.1833333	1.121816
23.2000000	1.045027
23.2166666	1.005017
23.2333333	1.003501
23.2500000	0.970361
23.2666667	0.997338
23.2833333	1.038965
23.3000000	1.618716
23.3166666	1.615685
23.3333333	1.119593
23.3500000	1.039975
23.3666666	0.992387
23.3833333	0.969452
23.4000000	1.006532
23.4166666	0.983698
23.4333333	0.965511
23.4500000	0.990972
23.4666666	0.995216
23.4833334	1.023001
23.5000000	1.031994
23.5166666	1.035025
23.5333333	1.103023
23.5500000	1.149601
23.5666666	1.139598
23.5833333	1.196280
23.6000000	1.194663
23.6166666	1.088776
23.6333333	1.072813
23.6500000	0.931462
23.6666667	1.128787
23.6833333	1.021284
23.7000000	1.006128
23.7166666	1.043310
23.7333333	1.149096
23.7500000	1.113632
23.7666666	1.102012
23.7833333	1.043007
23.8000000	1.104336
23.8166666	1.090292
23.8333334	1.084129
23.8500000	1.089383
23.8666667	1.094030
23.8833333	1.075035
23.9000000	1.096758
23.9166666	1.099385
23.9333333	1.135456
23.9500000	1.023001
23.9666667	1.044118
23.9833333	1.067862
24.0000000	1.029670
24.0166667	1.035732
24.0333333	1.007947
24.0500000	1.009462
24.0666666	1.023001
24.0833333	1.009260
24.1000000	1.093020
24.1166666	1.061092
24.1333333	1.040380
24.1500000	0.971876
24.1666666	0.963187
24.1833334	0.937221
24.2000000	0.921560
24.2166666	0.958641
24.2333333	1.492622
24.2500000	1.618918
24.2666666	1.109287
24.2833333	0.995721
24.3000000	0.949547
24.3166666	0.942778
24.3333333	0.935806
24.3500000	0.927521
24.3666667	0.934392
24.3833333	0.960055
24.4000000	0.944697
24.4166666	0.951972
24.4333333	0.971775
24.4500000	1.008048
24.4666666	1.011079
24.4833333	1.053009
24.5000000	1.092010
24.5166666	1.082714
24.5333333	1.120502
24.5500000	1.017242
24.5666666	0.941262
24.5833333	0.898119
24.6000000	0.861544
24.6166666	0.894280
24.6333333	0.838406
24.6500000	0.864676
24.6666667	0.864474
24.6833333	0.836992
24.7000000	0.835981
24.7166666	0.837093
24.7333333	0.818401
24.7500000	0.801730
24.7666666	0.784958
24.7833333	0.777077
24.8000000	0.752525
24.8166683	0.780209
24.8333333	0.774955
24.8500000	0.746361
24.8666667	0.751716
24.8833333	0.732115
24.9000000	0.733934
24.9166666	0.721304
24.9333333	0.717566
24.9500000	0.720294
24.9666666	0.692408
24.9833333	0.711706
25.0000000	0.691902
25.0166667	0.709180
25.0333333	0.735652
25.0500000	0.797486
25.0666666	0.797890
25.0833333	0.741411
25.1000000	0.632493
25.1166666	0.651286
25.1333333	0.623298
25.1500000	0.606324
25.1666666	0.604707
25.1833333	1.086250
25.2000000	1.618918
25.2166666	0.839013
25.2333333	0.624713
25.2500000	0.606122
25.2666667	0.560150
25.2833333	0.566515
25.3000000	0.565101
25.3166667	0.556109
25.3333333	0.551663
25.3500000	0.588036
25.3666667	0.575609
25.3833333	0.650982
25.4000000	0.615316
25.4166667	0.677050
25.4333333	0.712716
25.4500000	0.764346
25.4666666	0.753636
25.4833333	0.757981
25.5000000	0.708270
25.5166666	0.592381
25.5333333	0.534082
25.5500000	0.489424
25.5666667	0.489828
25.5833333	0.468105
25.6000000	0.439006
25.6166667	0.461942
25.6333333	0.434157
25.6500000	0.430115
25.6666667	0.382527
25.6833333	0.386770
25.7000000	0.343021
25.7166667	0.356055
25.7333333	0.321500
25.7500000	0.339990
25.7666666	0.291997
25.7833333	0.320793
25.8000000	0.277751
25.8166666	0.290381
25.8333333	0.263202
25.8500000	0.272699
25.8666667	0.270780
25.8833334	0.236326
25.9000000	0.230264
25.9166667	0.243297
25.9333333	0.230264
25.9500000	0.239862
25.9666666	0.190152
25.9833333	0.228647
26.0000000	0.260575
26.0166666	0.324430
26.0333333	0.281894
26.0500000	0.227233
26.0666666	0.181362
26.0833333	0.145190
26.1000000	0.130136
26.1166666	0.143877
26.1333333	0.264212
26.1500000	1.102113
26.1666666	0.818098
26.1833333	0.229051
26.2000000	0.165398
26.2166667	0.120840
26.2333333	0.112353
26.2500000	0.113667
26.2666666	0.141856
26.2833333	0.130641
26.3000000	0.121144
26.3166667	0.138926
26.3333333	0.161154
26.3500000	0.199245
26.3666666	0.198538
26.3833333	0.260373
26.4000000	0.289674
26.4166666	0.317055
26.4333334	0.377071
26.4500000	0.351508
26.4666667	0.230971
26.4833333	0.149636
26.5000000	0.124882
26.5166666	0.051125
26.5333333	0.119022
26.5500000	0.045972
26.5666667	0.027583
26.5833333	0.142361
26.6000000	0.137512
26.6166666	-0.007477
26.6333333	0.309578
26.6500000	-0.022935
26.6666667	-0.086993
26.6833333	0.052438
26.7000000	0.036575
26.7166667	-0.033847
26.7333333	0.030109
26.7500000	-0.025259
26.7666666	0.019904
26.7833333	0.017985
26.8000000	0.000101
26.8166667	0.048700
26.8333333	0.027684
26.8500000	0.005961
26.8666666	0.072848
26.8833333	0.071837
26.9000000	0.095581
26.9166667	0.098107
26.9333333	0.116395
26.9500000	0.172066
26.9666666	0.206722
26.9833333	0.102149
27.0000000	0.133571
27.0166667	0.074666
27.0333333	0.070120
27.0500000	0.078304
27.0666667	0.093358
27.0833333	0.166913
27.1000000	0.626127
27.1166666	1.135658
27.1333333	0.308365
27.1500000	0.133874
27.1666667	0.076687
27.1833333	0.073050
27.2000000	0.057692
27.2166667	0.014852
27.2333333	0.089721
27.2500000	0.088913
27.2666666	0.067695
27.2833333	0.149939
27.3000000	0.091540
27.3166666	0.176209
27.3333333	0.237235
27.3500000	0.289572
27.3666666	0.362622
27.3833333	0.413242
27.4000000	0.476996
27.4166666	0.323016
27.4333333	0.138017
27.4500000	0.160245
27.4666667	0.081537
27.4833333	0.147918
27.5000000	0.088104
27.5166666	0.083760
27.5333333	0.076283
27.5500000	0.085983
27.5666667	0.069615
27.5833333	0.087195
27.6000000	-0.033544
27.6166667	0.113162
27.6333333	-0.053348
27.6500000	-0.046780
27.6666667	-0.024148
27.6833333	-0.035969
27.7000000	0.004648
27.7166667	-0.062239
27.7333333	-0.050519
27.7500000	-0.034858
27.7666667	-0.018288
27.7833333	-0.041425
27.8000000	-0.021420
27.8166666	-0.033645
27.8333333	-0.003132
27.8500000	-0.021016
27.8666666	0.000707
27.8833333	0.060218
27.9000000	0.103159
27.9166666	0.075475
27.9333333	0.049003
27.9500000	-0.074262
27.9666666	-0.062037
27.9833333	-0.062542
28.0000000	-0.074666
28.0166667	-0.116597
28.0333333	0.606829
28.0500000	1.098678
28.0666666	0.118517
28.0833334	0.007881
28.1000000	-0.095379
28.1166666	-0.108514
28.1333333	-0.104472
28.1500000	-0.107504
28.1666666	-0.118517
28.1833333	-0.136097
28.2000000	-0.087296
28.2166666	-0.075071
28.2333333	-0.099926
28.2500000	0.022026
28.2666666	-0.018591
28.2833333	0.052236
28.3000000	0.085174
28.3166667	0.116597
28.3333333	0.131752
28.3500000	0.034656
28.3666667	-0.067594
28.3833333	-0.130742
28.4000000	-0.140139
28.4166666	-0.172369
28.4333333	-0.168934
28.4500000	-0.146605
28.4666667	-0.189647
28.4833333	-0.182170
28.5000000	-0.219554
28.5166666	-0.211269
28.5333333	-0.233497
28.5500000	-0.200458
28.5666666	-0.247844
28.5833333	-0.214805
28.6000000	-0.248652
28.6166667	-0.280075
28.6333333	-0.260777
28.6500000	-0.260171
28.6666666	-0.269365
28.6833333	-0.293412
28.7000000	-0.286137
28.7166667	-0.250673
28.7333333	-0.284521
28.7500000	-0.242893
28.7666666	-0.276842
28.7833333	-0.222989
28.8000000	-0.163276
28.8166666	-0.120335
28.8333333	-0.177219
28.8500000	-0.184898
28.8666666	-0.294321
28.8833333	-0.296847
28.9000000	-0.289674
28.9166666	-0.322207
28.9333333	-0.398491
28.9500000	0.412434
28.9666666	0.912871
28.9833333	-0.088610
29.0000000	-0.224302
29.0166666	-0.270881
29.0333334	-0.292705
29.0500000	-0.304324
29.0666666	-0.281995
29.0833333	-0.260676
29.1000000	-0.237639
29.1166667	-0.220867
29.1333333	-0.208844
29.1500000	-0.182069
29.1666666	-0.134177
29.1833333	-0.088408
29.2000000	-0.024047
29.2166667	0.038293
29.2333333	0.049306
29.2500000	0.075273
29.2666666	-0.014852
29.2833333	-0.096187
29.3000000	-0.151556
29.3166666	-0.187121
29.3333333	-0.170854
29.3500000	-0.193789
29.3666667	-0.188636
29.3833333	-0.171864
29.4000000	-0.186919
29.4166666	-0.202377
29.4333333	-0.193183
29.4500000	-0.207429
29.4666666	-0.196921
29.4833333	-0.220059
29.5000000	-0.223999
29.5166666	-0.208541
29.5333333	-0.240064
29.5500000	-0.153880
29.5666667	-0.208238
29.5833333	-0.192577
29.6000000	-0.214199
29.6166667	-0.197629
29.6333333	-0.224808
29.6500000	-0.214906
29.6666666	-0.258049
29.6833333	-0.166711
29.7000000	-0.134683
29.7166666	-0.064260
29.7333333	-0.091540
29.7500000	-0.137006
29.7666666	-0.239256
29.7833333	-0.230971
29.8000000	-0.263202
29.8166666	-0.234204
29.8333333	-0.288663
29.8500000	0.465175
29.8666666	1.095647
29.8833333	0.035565
29.9000000	-0.119830
29.9166666	-0.193587
29.9333333	-0.230870
29.9500000	-0.191566
29.9666667	-0.180857
29.9833333	-0.196719
30.0000000	-0.175603
30.0166666	-0.145696
30.0333333	-0.156304
30.0500000	-0.113061
30.0666666	-0.093257
30.0833333	-0.023542
30.1000000	-0.004446
30.1166667	0.057490
30.1333333	0.078809
30.1500000	0.113869
30.1666666	0.016166
30.1833333	-0.103664
30.2000000	-0.130944
30.2166667	-0.161760
30.2333333	-0.168126
30.2500000	-0.172571
30.2666666	-0.205206
30.2833357	-0.214199
30.3000000	-0.183079
30.3166666	-0.232284
30.3333333	-0.216422
30.3500000	-0.227839
30.3666667	-0.254412
30.3833333	-0.231779
30.4000000	-0.253199
30.4166666	-0.274316
30.4333333	-0.258251
30.4500000	-0.246430
30.4666666	-0.253805
30.4833334	-0.269264
30.5000000	-0.237437
30.5166667	-0.251684
30.5333333	-0.237235
30.5500000	-0.238448
30.5666667	-0.239660
30.5833333	-0.224505
30.6000000	-0.162973
30.6166666	-0.106897
30.6333333	-0.091944
30.6500000	-0.084265
30.6666666	-0.194092
30.6833333	-0.233901
30.7000000	-0.217028
30.7166666	-0.216321
30.7333333	-0.225919
30.7500000	-0.096693
30.7666666	1.251648
30.7833333	0.326249
30.8000000	-0.059612
30.8166667	-0.134278
30.8333333	-0.160346
30.8500000	-0.163377
30.8666666	-0.116092
30.8833333	-0.120840
30.9000000	-0.115081
30.9166666	-0.018894
30.9333333	-0.049003
30.9500000	-0.037788
30.9666666	-0.021420
30.9833333	0.042234
31.0000000	0.105079
31.0166666	0.146605
31.0333333	0.188838
31.0500000	0.225111
31.0666666	0.145595
31.0833333	0.066685
31.1000000	-0.008184
31.1166666	-0.011518
31.1333333	-0.034858
31.1500000	-0.022329
31.1666667	-0.056379
31.1833333	-0.021420
31.2000000	-0.012529
31.2166666	-0.024451
31.2333334	-0.016267
31.2500000	0.003334
31.2666667	-0.025562
31.2833333	0.000808
31.3000000	0.000909
31.3166666	-0.026674
31.3333333	-0.001516
31.3500000	0.004345
31.3666667	-0.000202
31.3833333	0.007073
31.4000000	0.017985
31.4166666	0.039607
31.4333333	0.022935
31.4500000	0.037586
31.4666667	0.039101
31.4833333	0.082244
31.5000000	0.157921
31.5166666	0.114576
31.5333333	0.117506
31.5500000	0.024350
31.5666666	-0.003031
31.5833333	-0.007376
31.6000000	0.007780
31.6166666	0.006466
31.6333333	0.391721
31.6500000	1.113227
31.6666666	0.244914
31.6833333	0.077799
31.7000000	-0.022329
31.7166666	-0.047083
31.7333333	-0.027179
31.7500000	-0.039404
31.7666666	-0.036879
31.7833333	-0.028897
31.8000000	-0.028189
31.8166666	-0.011922
31.8333333	0.011114
31.8500000	0.023643
31.8666666	0.076283
31.8833333	0.123467
31.9000000	0.142563
31.9166666	0.192375
31.9333333	0.167621
31.9500000	0.076081
31.9666666	-0.016974
31.9833333	-0.152162
32.0000000	-0.166408
32.0166667	-0.157214
32.0333333	-0.171864
32.0500000	-0.139734
32.0666666	-0.196214
32.0833333	-0.165398
32.1000000	-0.177825
32.1166666	-0.197831
32.1333333	-0.218846
32.1500000	-0.236528
32.1666667	-0.226525
32.1833333	-0.239559
32.2000000	-0.266940
32.2166666	-0.230668
32.2333333	-0.236427
32.2500000	-0.268052
32.2666667	-0.294826
32.2833333	-0.285026
32.3000000	-0.271285
32.3166666	-0.306446
32.3333333	-0.297453
32.3500000	-0.326754
32.3666666	-0.294523
32.3833333	-0.275225
32.4000000	-0.242186
32.4166666	-0.232284
32.4333333	-0.230971
32.4500000	-0.325441
32.4666666	-0.384345
32.4833333	-0.397884
32.5000000	-0.390307
32.5166667	-0.388084
32.5333333	-0.306446
32.5500000	0.736157
32.5666667	0.302707
32.5833333	-0.282601
32.6000000	-0.388387
32.6166667	-0.422133
32.6333333	-0.424154
32.6500000	-0.423144
32.6666666	-0.421830
32.6833333	-0.414353
32.7000000	-0.405866
32.7166666	-0.406776
32.7333333	-0.394449
32.7500000	-0.367068
32.7666666	-0.330897
32.7833333	-0.282803
32.8000000	-0.228445
32.8166666	-0.192476
32.8333333	-0.199953
32.8500000	-0.246935
32.8666667	-0.347265
32.8833333	-0.433651
32.9000000	-0.470934
32.9166667	-0.484978
32.9333333	-0.490030
32.9500000	-0.483059
32.9666667	-0.483766
32.9833333	-0.443957
33.0000000	-0.433146
33.0166666	-0.430115
33.0333333	-0.427286
33.0500000	-0.437794
33.0666666	-0.426276
33.0833333	-0.445675
33.1000000	-0.427488
33.1166666	-0.431126
33.1333333	-0.394146
33.1500000	-0.392226
33.1666666	-0.399400
33.1833333	-0.371918
33.2000000	-0.343425
33.2166666	-0.368988
33.2333333	-0.325643
33.2500000	-0.328674
33.2666667	-0.308567
33.2833333	-0.283712
33.3000000	-0.270375
33.3166666	-0.266738
33.3333333	-0.220160
33.3500000	-0.173986
33.3666667	-0.145494
33.3833333	-0.035464
33.4000000	-0.054560
33.4166666	-0.031423
33.4333333	-0.183686
33.4500000	-0.224201
33.4666667	-0.195305
33.4833333	-0.143271
33.5000000	-0.122659
33.5166666	0.445675
33.5333334	0.956216
33.5500000	0.197326
33.5666667	0.034252
33.5833333	-0.008285
33.6000000	-0.003031
